$instance la01
$Lawrence 10x5 instance (Table 3, instance 1); also called (setf1) or (F1)
10 5
1 21 0 53 4 95 3 55 2 34 
0 21 3 52 4 16 2 26 1 71 
3 39 4 98 1 42 2 31 0 12 
1 77 0 55 4 79 2 66 3 77 
0 83 3 34 2 64 1 19 4 37 
1 54 2 43 4 79 0 92 3 62 
3 69 4 77 1 87 2 87 0 93 
2 38 0 60 1 41 3 24 4 83 
3 17 1 49 4 25 0 44 2 98 
4 77 3 79 2 43 1 75 0 96 

$initial setup times (for each operation) 
10 10 10 10 10 20 20 20 20 20 30 30 30 30 30 40 40 40 40 40 50 50 50 50 50 60 60 60 60 60 70 70 70 70 70 80 80 80 80 80 90 90 90 90 90 100 100 100 100 100 

$final setup times (for each operation)
0 0 0 0 0 0 0 0 0 0 0 0 0 0 0 0 0 0 0 0 0 0 0 0 0 0 0 0 0 0 0 0 0 0 0 0 0 0 0 0 0 0 0 0 0 0 0 0 0 0 

$setup times between each pair of operations (from op -> to op)
0 0 0 0 0 10 10 10 10 10 20 20 20 20 20 30 30 30 30 30 40 40 40 40 40 50 50 50 50 50 60 60 60 60 60 70 70 70 70 70 80 80 80 80 80 90 90 90 90 90 
0 0 0 0 0 10 10 10 10 10 20 20 20 20 20 30 30 30 30 30 40 40 40 40 40 50 50 50 50 50 60 60 60 60 60 70 70 70 70 70 80 80 80 80 80 90 90 90 90 90 
0 0 0 0 0 10 10 10 10 10 20 20 20 20 20 30 30 30 30 30 40 40 40 40 40 50 50 50 50 50 60 60 60 60 60 70 70 70 70 70 80 80 80 80 80 90 90 90 90 90 
0 0 0 0 0 10 10 10 10 10 20 20 20 20 20 30 30 30 30 30 40 40 40 40 40 50 50 50 50 50 60 60 60 60 60 70 70 70 70 70 80 80 80 80 80 90 90 90 90 90 
0 0 0 0 0 10 10 10 10 10 20 20 20 20 20 30 30 30 30 30 40 40 40 40 40 50 50 50 50 50 60 60 60 60 60 70 70 70 70 70 80 80 80 80 80 90 90 90 90 90 
90 90 90 90 90 0 0 0 0 0 10 10 10 10 10 20 20 20 20 20 30 30 30 30 30 40 40 40 40 40 50 50 50 50 50 60 60 60 60 60 70 70 70 70 70 80 80 80 80 80 
90 90 90 90 90 0 0 0 0 0 10 10 10 10 10 20 20 20 20 20 30 30 30 30 30 40 40 40 40 40 50 50 50 50 50 60 60 60 60 60 70 70 70 70 70 80 80 80 80 80 
90 90 90 90 90 0 0 0 0 0 10 10 10 10 10 20 20 20 20 20 30 30 30 30 30 40 40 40 40 40 50 50 50 50 50 60 60 60 60 60 70 70 70 70 70 80 80 80 80 80 
90 90 90 90 90 0 0 0 0 0 10 10 10 10 10 20 20 20 20 20 30 30 30 30 30 40 40 40 40 40 50 50 50 50 50 60 60 60 60 60 70 70 70 70 70 80 80 80 80 80 
90 90 90 90 90 0 0 0 0 0 10 10 10 10 10 20 20 20 20 20 30 30 30 30 30 40 40 40 40 40 50 50 50 50 50 60 60 60 60 60 70 70 70 70 70 80 80 80 80 80 
80 80 80 80 80 90 90 90 90 90 0 0 0 0 0 10 10 10 10 10 20 20 20 20 20 30 30 30 30 30 40 40 40 40 40 50 50 50 50 50 60 60 60 60 60 70 70 70 70 70 
80 80 80 80 80 90 90 90 90 90 0 0 0 0 0 10 10 10 10 10 20 20 20 20 20 30 30 30 30 30 40 40 40 40 40 50 50 50 50 50 60 60 60 60 60 70 70 70 70 70 
80 80 80 80 80 90 90 90 90 90 0 0 0 0 0 10 10 10 10 10 20 20 20 20 20 30 30 30 30 30 40 40 40 40 40 50 50 50 50 50 60 60 60 60 60 70 70 70 70 70 
80 80 80 80 80 90 90 90 90 90 0 0 0 0 0 10 10 10 10 10 20 20 20 20 20 30 30 30 30 30 40 40 40 40 40 50 50 50 50 50 60 60 60 60 60 70 70 70 70 70 
80 80 80 80 80 90 90 90 90 90 0 0 0 0 0 10 10 10 10 10 20 20 20 20 20 30 30 30 30 30 40 40 40 40 40 50 50 50 50 50 60 60 60 60 60 70 70 70 70 70 
70 70 70 70 70 80 80 80 80 80 90 90 90 90 90 0 0 0 0 0 10 10 10 10 10 20 20 20 20 20 30 30 30 30 30 40 40 40 40 40 50 50 50 50 50 60 60 60 60 60 
70 70 70 70 70 80 80 80 80 80 90 90 90 90 90 0 0 0 0 0 10 10 10 10 10 20 20 20 20 20 30 30 30 30 30 40 40 40 40 40 50 50 50 50 50 60 60 60 60 60 
70 70 70 70 70 80 80 80 80 80 90 90 90 90 90 0 0 0 0 0 10 10 10 10 10 20 20 20 20 20 30 30 30 30 30 40 40 40 40 40 50 50 50 50 50 60 60 60 60 60 
70 70 70 70 70 80 80 80 80 80 90 90 90 90 90 0 0 0 0 0 10 10 10 10 10 20 20 20 20 20 30 30 30 30 30 40 40 40 40 40 50 50 50 50 50 60 60 60 60 60 
70 70 70 70 70 80 80 80 80 80 90 90 90 90 90 0 0 0 0 0 10 10 10 10 10 20 20 20 20 20 30 30 30 30 30 40 40 40 40 40 50 50 50 50 50 60 60 60 60 60 
60 60 60 60 60 70 70 70 70 70 80 80 80 80 80 90 90 90 90 90 0 0 0 0 0 10 10 10 10 10 20 20 20 20 20 30 30 30 30 30 40 40 40 40 40 50 50 50 50 50 
60 60 60 60 60 70 70 70 70 70 80 80 80 80 80 90 90 90 90 90 0 0 0 0 0 10 10 10 10 10 20 20 20 20 20 30 30 30 30 30 40 40 40 40 40 50 50 50 50 50 
60 60 60 60 60 70 70 70 70 70 80 80 80 80 80 90 90 90 90 90 0 0 0 0 0 10 10 10 10 10 20 20 20 20 20 30 30 30 30 30 40 40 40 40 40 50 50 50 50 50 
60 60 60 60 60 70 70 70 70 70 80 80 80 80 80 90 90 90 90 90 0 0 0 0 0 10 10 10 10 10 20 20 20 20 20 30 30 30 30 30 40 40 40 40 40 50 50 50 50 50 
60 60 60 60 60 70 70 70 70 70 80 80 80 80 80 90 90 90 90 90 0 0 0 0 0 10 10 10 10 10 20 20 20 20 20 30 30 30 30 30 40 40 40 40 40 50 50 50 50 50 
50 50 50 50 50 60 60 60 60 60 70 70 70 70 70 80 80 80 80 80 90 90 90 90 90 0 0 0 0 0 10 10 10 10 10 20 20 20 20 20 30 30 30 30 30 40 40 40 40 40 
50 50 50 50 50 60 60 60 60 60 70 70 70 70 70 80 80 80 80 80 90 90 90 90 90 0 0 0 0 0 10 10 10 10 10 20 20 20 20 20 30 30 30 30 30 40 40 40 40 40 
50 50 50 50 50 60 60 60 60 60 70 70 70 70 70 80 80 80 80 80 90 90 90 90 90 0 0 0 0 0 10 10 10 10 10 20 20 20 20 20 30 30 30 30 30 40 40 40 40 40 
50 50 50 50 50 60 60 60 60 60 70 70 70 70 70 80 80 80 80 80 90 90 90 90 90 0 0 0 0 0 10 10 10 10 10 20 20 20 20 20 30 30 30 30 30 40 40 40 40 40 
50 50 50 50 50 60 60 60 60 60 70 70 70 70 70 80 80 80 80 80 90 90 90 90 90 0 0 0 0 0 10 10 10 10 10 20 20 20 20 20 30 30 30 30 30 40 40 40 40 40 
40 40 40 40 40 50 50 50 50 50 60 60 60 60 60 70 70 70 70 70 80 80 80 80 80 90 90 90 90 90 0 0 0 0 0 10 10 10 10 10 20 20 20 20 20 30 30 30 30 30 
40 40 40 40 40 50 50 50 50 50 60 60 60 60 60 70 70 70 70 70 80 80 80 80 80 90 90 90 90 90 0 0 0 0 0 10 10 10 10 10 20 20 20 20 20 30 30 30 30 30 
40 40 40 40 40 50 50 50 50 50 60 60 60 60 60 70 70 70 70 70 80 80 80 80 80 90 90 90 90 90 0 0 0 0 0 10 10 10 10 10 20 20 20 20 20 30 30 30 30 30 
40 40 40 40 40 50 50 50 50 50 60 60 60 60 60 70 70 70 70 70 80 80 80 80 80 90 90 90 90 90 0 0 0 0 0 10 10 10 10 10 20 20 20 20 20 30 30 30 30 30 
40 40 40 40 40 50 50 50 50 50 60 60 60 60 60 70 70 70 70 70 80 80 80 80 80 90 90 90 90 90 0 0 0 0 0 10 10 10 10 10 20 20 20 20 20 30 30 30 30 30 
30 30 30 30 30 40 40 40 40 40 50 50 50 50 50 60 60 60 60 60 70 70 70 70 70 80 80 80 80 80 90 90 90 90 90 0 0 0 0 0 10 10 10 10 10 20 20 20 20 20 
30 30 30 30 30 40 40 40 40 40 50 50 50 50 50 60 60 60 60 60 70 70 70 70 70 80 80 80 80 80 90 90 90 90 90 0 0 0 0 0 10 10 10 10 10 20 20 20 20 20 
30 30 30 30 30 40 40 40 40 40 50 50 50 50 50 60 60 60 60 60 70 70 70 70 70 80 80 80 80 80 90 90 90 90 90 0 0 0 0 0 10 10 10 10 10 20 20 20 20 20 
30 30 30 30 30 40 40 40 40 40 50 50 50 50 50 60 60 60 60 60 70 70 70 70 70 80 80 80 80 80 90 90 90 90 90 0 0 0 0 0 10 10 10 10 10 20 20 20 20 20 
30 30 30 30 30 40 40 40 40 40 50 50 50 50 50 60 60 60 60 60 70 70 70 70 70 80 80 80 80 80 90 90 90 90 90 0 0 0 0 0 10 10 10 10 10 20 20 20 20 20 
20 20 20 20 20 30 30 30 30 30 40 40 40 40 40 50 50 50 50 50 60 60 60 60 60 70 70 70 70 70 80 80 80 80 80 90 90 90 90 90 0 0 0 0 0 10 10 10 10 10 
20 20 20 20 20 30 30 30 30 30 40 40 40 40 40 50 50 50 50 50 60 60 60 60 60 70 70 70 70 70 80 80 80 80 80 90 90 90 90 90 0 0 0 0 0 10 10 10 10 10 
20 20 20 20 20 30 30 30 30 30 40 40 40 40 40 50 50 50 50 50 60 60 60 60 60 70 70 70 70 70 80 80 80 80 80 90 90 90 90 90 0 0 0 0 0 10 10 10 10 10 
20 20 20 20 20 30 30 30 30 30 40 40 40 40 40 50 50 50 50 50 60 60 60 60 60 70 70 70 70 70 80 80 80 80 80 90 90 90 90 90 0 0 0 0 0 10 10 10 10 10 
20 20 20 20 20 30 30 30 30 30 40 40 40 40 40 50 50 50 50 50 60 60 60 60 60 70 70 70 70 70 80 80 80 80 80 90 90 90 90 90 0 0 0 0 0 10 10 10 10 10 
10 10 10 10 10 20 20 20 20 20 30 30 30 30 30 40 40 40 40 40 50 50 50 50 50 60 60 60 60 60 70 70 70 70 70 80 80 80 80 80 90 90 90 90 90 0 0 0 0 0 
10 10 10 10 10 20 20 20 20 20 30 30 30 30 30 40 40 40 40 40 50 50 50 50 50 60 60 60 60 60 70 70 70 70 70 80 80 80 80 80 90 90 90 90 90 0 0 0 0 0 
10 10 10 10 10 20 20 20 20 20 30 30 30 30 30 40 40 40 40 40 50 50 50 50 50 60 60 60 60 60 70 70 70 70 70 80 80 80 80 80 90 90 90 90 90 0 0 0 0 0 
10 10 10 10 10 20 20 20 20 20 30 30 30 30 30 40 40 40 40 40 50 50 50 50 50 60 60 60 60 60 70 70 70 70 70 80 80 80 80 80 90 90 90 90 90 0 0 0 0 0 
10 10 10 10 10 20 20 20 20 20 30 30 30 30 30 40 40 40 40 40 50 50 50 50 50 60 60 60 60 60 70 70 70 70 70 80 80 80 80 80 90 90 90 90 90 0 0 0 0 0 

$transfer (resp. load/unload) time from (j-1)-th to j-th operation of job i; first of line is loading time, last of line is unloading time (for blocking job shop)
  4  9  7 19  1 17
  4  9 19  8  7 20
 18  2  2  8 19  1
 11  5  7 11 11  1
 19  9 15 15 20 18
  1 14 11 10 12  9
 16  4  7 13  6 12
  7 19 14 12  7 20
 18  9 16 13 19  2
 16 12 18 13 16 13

$time gaps between two consecutive operations of same job, can be negative,(one line for each job, #ofOpsOfThatJob-1 entries in one line) (for no-wait job shop)
0 0 0 0 
0 0 0 0 
0 0 0 0 
0 0 0 0 
0 0 0 0 
0 0 0 0 
0 0 0 0 
0 0 0 0 
0 0 0 0 
0 0 0 0 

