$instance la02
$Lawrence 10x5 instance (Table 3, instance 2); also called (setf2) or (F2)
10 5
0 20 3 87 1 31 4 76 2 17 
4 25 2 32 0 24 1 18 3 81 
1 72 2 23 4 28 0 58 3 99 
2 86 1 76 4 97 0 45 3 90 
4 27 0 42 3 48 2 17 1 46 
1 67 0 98 4 48 3 27 2 62 
4 28 1 12 3 19 0 80 2 50 
1 63 0 94 2 98 3 50 4 80 
4 14 0 75 2 50 1 41 3 55 
4 72 2 18 1 37 3 79 0 61 

$initial setup times (for each operation) 
10 10 10 10 10 20 20 20 20 20 30 30 30 30 30 40 40 40 40 40 50 50 50 50 50 60 60 60 60 60 70 70 70 70 70 80 80 80 80 80 90 90 90 90 90 100 100 100 100 100 

$final setup times (for each operation)
0 0 0 0 0 0 0 0 0 0 0 0 0 0 0 0 0 0 0 0 0 0 0 0 0 0 0 0 0 0 0 0 0 0 0 0 0 0 0 0 0 0 0 0 0 0 0 0 0 0 

$setup times between each pair of operations (from op -> to op)
0 0 0 0 0 10 10 10 10 10 20 20 20 20 20 30 30 30 30 30 40 40 40 40 40 50 50 50 50 50 60 60 60 60 60 70 70 70 70 70 80 80 80 80 80 90 90 90 90 90 
0 0 0 0 0 10 10 10 10 10 20 20 20 20 20 30 30 30 30 30 40 40 40 40 40 50 50 50 50 50 60 60 60 60 60 70 70 70 70 70 80 80 80 80 80 90 90 90 90 90 
0 0 0 0 0 10 10 10 10 10 20 20 20 20 20 30 30 30 30 30 40 40 40 40 40 50 50 50 50 50 60 60 60 60 60 70 70 70 70 70 80 80 80 80 80 90 90 90 90 90 
0 0 0 0 0 10 10 10 10 10 20 20 20 20 20 30 30 30 30 30 40 40 40 40 40 50 50 50 50 50 60 60 60 60 60 70 70 70 70 70 80 80 80 80 80 90 90 90 90 90 
0 0 0 0 0 10 10 10 10 10 20 20 20 20 20 30 30 30 30 30 40 40 40 40 40 50 50 50 50 50 60 60 60 60 60 70 70 70 70 70 80 80 80 80 80 90 90 90 90 90 
90 90 90 90 90 0 0 0 0 0 10 10 10 10 10 20 20 20 20 20 30 30 30 30 30 40 40 40 40 40 50 50 50 50 50 60 60 60 60 60 70 70 70 70 70 80 80 80 80 80 
90 90 90 90 90 0 0 0 0 0 10 10 10 10 10 20 20 20 20 20 30 30 30 30 30 40 40 40 40 40 50 50 50 50 50 60 60 60 60 60 70 70 70 70 70 80 80 80 80 80 
90 90 90 90 90 0 0 0 0 0 10 10 10 10 10 20 20 20 20 20 30 30 30 30 30 40 40 40 40 40 50 50 50 50 50 60 60 60 60 60 70 70 70 70 70 80 80 80 80 80 
90 90 90 90 90 0 0 0 0 0 10 10 10 10 10 20 20 20 20 20 30 30 30 30 30 40 40 40 40 40 50 50 50 50 50 60 60 60 60 60 70 70 70 70 70 80 80 80 80 80 
90 90 90 90 90 0 0 0 0 0 10 10 10 10 10 20 20 20 20 20 30 30 30 30 30 40 40 40 40 40 50 50 50 50 50 60 60 60 60 60 70 70 70 70 70 80 80 80 80 80 
80 80 80 80 80 90 90 90 90 90 0 0 0 0 0 10 10 10 10 10 20 20 20 20 20 30 30 30 30 30 40 40 40 40 40 50 50 50 50 50 60 60 60 60 60 70 70 70 70 70 
80 80 80 80 80 90 90 90 90 90 0 0 0 0 0 10 10 10 10 10 20 20 20 20 20 30 30 30 30 30 40 40 40 40 40 50 50 50 50 50 60 60 60 60 60 70 70 70 70 70 
80 80 80 80 80 90 90 90 90 90 0 0 0 0 0 10 10 10 10 10 20 20 20 20 20 30 30 30 30 30 40 40 40 40 40 50 50 50 50 50 60 60 60 60 60 70 70 70 70 70 
80 80 80 80 80 90 90 90 90 90 0 0 0 0 0 10 10 10 10 10 20 20 20 20 20 30 30 30 30 30 40 40 40 40 40 50 50 50 50 50 60 60 60 60 60 70 70 70 70 70 
80 80 80 80 80 90 90 90 90 90 0 0 0 0 0 10 10 10 10 10 20 20 20 20 20 30 30 30 30 30 40 40 40 40 40 50 50 50 50 50 60 60 60 60 60 70 70 70 70 70 
70 70 70 70 70 80 80 80 80 80 90 90 90 90 90 0 0 0 0 0 10 10 10 10 10 20 20 20 20 20 30 30 30 30 30 40 40 40 40 40 50 50 50 50 50 60 60 60 60 60 
70 70 70 70 70 80 80 80 80 80 90 90 90 90 90 0 0 0 0 0 10 10 10 10 10 20 20 20 20 20 30 30 30 30 30 40 40 40 40 40 50 50 50 50 50 60 60 60 60 60 
70 70 70 70 70 80 80 80 80 80 90 90 90 90 90 0 0 0 0 0 10 10 10 10 10 20 20 20 20 20 30 30 30 30 30 40 40 40 40 40 50 50 50 50 50 60 60 60 60 60 
70 70 70 70 70 80 80 80 80 80 90 90 90 90 90 0 0 0 0 0 10 10 10 10 10 20 20 20 20 20 30 30 30 30 30 40 40 40 40 40 50 50 50 50 50 60 60 60 60 60 
70 70 70 70 70 80 80 80 80 80 90 90 90 90 90 0 0 0 0 0 10 10 10 10 10 20 20 20 20 20 30 30 30 30 30 40 40 40 40 40 50 50 50 50 50 60 60 60 60 60 
60 60 60 60 60 70 70 70 70 70 80 80 80 80 80 90 90 90 90 90 0 0 0 0 0 10 10 10 10 10 20 20 20 20 20 30 30 30 30 30 40 40 40 40 40 50 50 50 50 50 
60 60 60 60 60 70 70 70 70 70 80 80 80 80 80 90 90 90 90 90 0 0 0 0 0 10 10 10 10 10 20 20 20 20 20 30 30 30 30 30 40 40 40 40 40 50 50 50 50 50 
60 60 60 60 60 70 70 70 70 70 80 80 80 80 80 90 90 90 90 90 0 0 0 0 0 10 10 10 10 10 20 20 20 20 20 30 30 30 30 30 40 40 40 40 40 50 50 50 50 50 
60 60 60 60 60 70 70 70 70 70 80 80 80 80 80 90 90 90 90 90 0 0 0 0 0 10 10 10 10 10 20 20 20 20 20 30 30 30 30 30 40 40 40 40 40 50 50 50 50 50 
60 60 60 60 60 70 70 70 70 70 80 80 80 80 80 90 90 90 90 90 0 0 0 0 0 10 10 10 10 10 20 20 20 20 20 30 30 30 30 30 40 40 40 40 40 50 50 50 50 50 
50 50 50 50 50 60 60 60 60 60 70 70 70 70 70 80 80 80 80 80 90 90 90 90 90 0 0 0 0 0 10 10 10 10 10 20 20 20 20 20 30 30 30 30 30 40 40 40 40 40 
50 50 50 50 50 60 60 60 60 60 70 70 70 70 70 80 80 80 80 80 90 90 90 90 90 0 0 0 0 0 10 10 10 10 10 20 20 20 20 20 30 30 30 30 30 40 40 40 40 40 
50 50 50 50 50 60 60 60 60 60 70 70 70 70 70 80 80 80 80 80 90 90 90 90 90 0 0 0 0 0 10 10 10 10 10 20 20 20 20 20 30 30 30 30 30 40 40 40 40 40 
50 50 50 50 50 60 60 60 60 60 70 70 70 70 70 80 80 80 80 80 90 90 90 90 90 0 0 0 0 0 10 10 10 10 10 20 20 20 20 20 30 30 30 30 30 40 40 40 40 40 
50 50 50 50 50 60 60 60 60 60 70 70 70 70 70 80 80 80 80 80 90 90 90 90 90 0 0 0 0 0 10 10 10 10 10 20 20 20 20 20 30 30 30 30 30 40 40 40 40 40 
40 40 40 40 40 50 50 50 50 50 60 60 60 60 60 70 70 70 70 70 80 80 80 80 80 90 90 90 90 90 0 0 0 0 0 10 10 10 10 10 20 20 20 20 20 30 30 30 30 30 
40 40 40 40 40 50 50 50 50 50 60 60 60 60 60 70 70 70 70 70 80 80 80 80 80 90 90 90 90 90 0 0 0 0 0 10 10 10 10 10 20 20 20 20 20 30 30 30 30 30 
40 40 40 40 40 50 50 50 50 50 60 60 60 60 60 70 70 70 70 70 80 80 80 80 80 90 90 90 90 90 0 0 0 0 0 10 10 10 10 10 20 20 20 20 20 30 30 30 30 30 
40 40 40 40 40 50 50 50 50 50 60 60 60 60 60 70 70 70 70 70 80 80 80 80 80 90 90 90 90 90 0 0 0 0 0 10 10 10 10 10 20 20 20 20 20 30 30 30 30 30 
40 40 40 40 40 50 50 50 50 50 60 60 60 60 60 70 70 70 70 70 80 80 80 80 80 90 90 90 90 90 0 0 0 0 0 10 10 10 10 10 20 20 20 20 20 30 30 30 30 30 
30 30 30 30 30 40 40 40 40 40 50 50 50 50 50 60 60 60 60 60 70 70 70 70 70 80 80 80 80 80 90 90 90 90 90 0 0 0 0 0 10 10 10 10 10 20 20 20 20 20 
30 30 30 30 30 40 40 40 40 40 50 50 50 50 50 60 60 60 60 60 70 70 70 70 70 80 80 80 80 80 90 90 90 90 90 0 0 0 0 0 10 10 10 10 10 20 20 20 20 20 
30 30 30 30 30 40 40 40 40 40 50 50 50 50 50 60 60 60 60 60 70 70 70 70 70 80 80 80 80 80 90 90 90 90 90 0 0 0 0 0 10 10 10 10 10 20 20 20 20 20 
30 30 30 30 30 40 40 40 40 40 50 50 50 50 50 60 60 60 60 60 70 70 70 70 70 80 80 80 80 80 90 90 90 90 90 0 0 0 0 0 10 10 10 10 10 20 20 20 20 20 
30 30 30 30 30 40 40 40 40 40 50 50 50 50 50 60 60 60 60 60 70 70 70 70 70 80 80 80 80 80 90 90 90 90 90 0 0 0 0 0 10 10 10 10 10 20 20 20 20 20 
20 20 20 20 20 30 30 30 30 30 40 40 40 40 40 50 50 50 50 50 60 60 60 60 60 70 70 70 70 70 80 80 80 80 80 90 90 90 90 90 0 0 0 0 0 10 10 10 10 10 
20 20 20 20 20 30 30 30 30 30 40 40 40 40 40 50 50 50 50 50 60 60 60 60 60 70 70 70 70 70 80 80 80 80 80 90 90 90 90 90 0 0 0 0 0 10 10 10 10 10 
20 20 20 20 20 30 30 30 30 30 40 40 40 40 40 50 50 50 50 50 60 60 60 60 60 70 70 70 70 70 80 80 80 80 80 90 90 90 90 90 0 0 0 0 0 10 10 10 10 10 
20 20 20 20 20 30 30 30 30 30 40 40 40 40 40 50 50 50 50 50 60 60 60 60 60 70 70 70 70 70 80 80 80 80 80 90 90 90 90 90 0 0 0 0 0 10 10 10 10 10 
20 20 20 20 20 30 30 30 30 30 40 40 40 40 40 50 50 50 50 50 60 60 60 60 60 70 70 70 70 70 80 80 80 80 80 90 90 90 90 90 0 0 0 0 0 10 10 10 10 10 
10 10 10 10 10 20 20 20 20 20 30 30 30 30 30 40 40 40 40 40 50 50 50 50 50 60 60 60 60 60 70 70 70 70 70 80 80 80 80 80 90 90 90 90 90 0 0 0 0 0 
10 10 10 10 10 20 20 20 20 20 30 30 30 30 30 40 40 40 40 40 50 50 50 50 50 60 60 60 60 60 70 70 70 70 70 80 80 80 80 80 90 90 90 90 90 0 0 0 0 0 
10 10 10 10 10 20 20 20 20 20 30 30 30 30 30 40 40 40 40 40 50 50 50 50 50 60 60 60 60 60 70 70 70 70 70 80 80 80 80 80 90 90 90 90 90 0 0 0 0 0 
10 10 10 10 10 20 20 20 20 20 30 30 30 30 30 40 40 40 40 40 50 50 50 50 50 60 60 60 60 60 70 70 70 70 70 80 80 80 80 80 90 90 90 90 90 0 0 0 0 0 
10 10 10 10 10 20 20 20 20 20 30 30 30 30 30 40 40 40 40 40 50 50 50 50 50 60 60 60 60 60 70 70 70 70 70 80 80 80 80 80 90 90 90 90 90 0 0 0 0 0 

$transfer (resp. load/unload) time from (j-1)-th to j-th operation of job i; first of line is loading time, last of line is unloading time (for blocking job shop)
 17 16  4 15  7 17
 14  8  7  8 18  1
 11 10  7 15 15 19
 12 14 18  2 20  4
 13 20  1  8 18 19
  6 13  9  1 20 13
 17 10 11 16 13 14
  5 11 14 19 10 17
 16  9  8  3  9 10
  2 19  1 16  6 15

$time gaps between two consecutive operations of same job, can be negative,(one line for each job, #ofOpsOfThatJob-1 entries in one line) (for no-wait job shop)
0 0 0 0 
0 0 0 0 
0 0 0 0 
0 0 0 0 
0 0 0 0 
0 0 0 0 
0 0 0 0 
0 0 0 0 
0 0 0 0 
0 0 0 0 
