$instance la03
$Lawrence 10x5 instance (Table 3, instance 3); also called (setf3) or (F3)
10 5
1 23 2 45 0 82 4 84 3 38 
2 21 1 29 0 18 4 41 3 50 
2 38 3 54 4 16 0 52 1 52 
4 37 0 54 2 74 1 62 3 57 
4 57 0 81 1 61 3 68 2 30 
4 81 0 79 1 89 2 89 3 11 
3 33 2 20 0 91 4 20 1 66 
4 24 1 84 0 32 2 55 3 8 
4 56 0 7 3 54 2 64 1 39 
4 40 1 83 0 19 2 8 3 7 

$initial setup times (for each operation) 
10 10 10 10 10 20 20 20 20 20 30 30 30 30 30 40 40 40 40 40 50 50 50 50 50 60 60 60 60 60 70 70 70 70 70 80 80 80 80 80 90 90 90 90 90 100 100 100 100 100 

$final setup times (for each operation)
0 0 0 0 0 0 0 0 0 0 0 0 0 0 0 0 0 0 0 0 0 0 0 0 0 0 0 0 0 0 0 0 0 0 0 0 0 0 0 0 0 0 0 0 0 0 0 0 0 0 

$setup times between each pair of operations (from op -> to op)
0 0 0 0 0 10 10 10 10 10 20 20 20 20 20 30 30 30 30 30 40 40 40 40 40 50 50 50 50 50 60 60 60 60 60 70 70 70 70 70 80 80 80 80 80 90 90 90 90 90 
0 0 0 0 0 10 10 10 10 10 20 20 20 20 20 30 30 30 30 30 40 40 40 40 40 50 50 50 50 50 60 60 60 60 60 70 70 70 70 70 80 80 80 80 80 90 90 90 90 90 
0 0 0 0 0 10 10 10 10 10 20 20 20 20 20 30 30 30 30 30 40 40 40 40 40 50 50 50 50 50 60 60 60 60 60 70 70 70 70 70 80 80 80 80 80 90 90 90 90 90 
0 0 0 0 0 10 10 10 10 10 20 20 20 20 20 30 30 30 30 30 40 40 40 40 40 50 50 50 50 50 60 60 60 60 60 70 70 70 70 70 80 80 80 80 80 90 90 90 90 90 
0 0 0 0 0 10 10 10 10 10 20 20 20 20 20 30 30 30 30 30 40 40 40 40 40 50 50 50 50 50 60 60 60 60 60 70 70 70 70 70 80 80 80 80 80 90 90 90 90 90 
90 90 90 90 90 0 0 0 0 0 10 10 10 10 10 20 20 20 20 20 30 30 30 30 30 40 40 40 40 40 50 50 50 50 50 60 60 60 60 60 70 70 70 70 70 80 80 80 80 80 
90 90 90 90 90 0 0 0 0 0 10 10 10 10 10 20 20 20 20 20 30 30 30 30 30 40 40 40 40 40 50 50 50 50 50 60 60 60 60 60 70 70 70 70 70 80 80 80 80 80 
90 90 90 90 90 0 0 0 0 0 10 10 10 10 10 20 20 20 20 20 30 30 30 30 30 40 40 40 40 40 50 50 50 50 50 60 60 60 60 60 70 70 70 70 70 80 80 80 80 80 
90 90 90 90 90 0 0 0 0 0 10 10 10 10 10 20 20 20 20 20 30 30 30 30 30 40 40 40 40 40 50 50 50 50 50 60 60 60 60 60 70 70 70 70 70 80 80 80 80 80 
90 90 90 90 90 0 0 0 0 0 10 10 10 10 10 20 20 20 20 20 30 30 30 30 30 40 40 40 40 40 50 50 50 50 50 60 60 60 60 60 70 70 70 70 70 80 80 80 80 80 
80 80 80 80 80 90 90 90 90 90 0 0 0 0 0 10 10 10 10 10 20 20 20 20 20 30 30 30 30 30 40 40 40 40 40 50 50 50 50 50 60 60 60 60 60 70 70 70 70 70 
80 80 80 80 80 90 90 90 90 90 0 0 0 0 0 10 10 10 10 10 20 20 20 20 20 30 30 30 30 30 40 40 40 40 40 50 50 50 50 50 60 60 60 60 60 70 70 70 70 70 
80 80 80 80 80 90 90 90 90 90 0 0 0 0 0 10 10 10 10 10 20 20 20 20 20 30 30 30 30 30 40 40 40 40 40 50 50 50 50 50 60 60 60 60 60 70 70 70 70 70 
80 80 80 80 80 90 90 90 90 90 0 0 0 0 0 10 10 10 10 10 20 20 20 20 20 30 30 30 30 30 40 40 40 40 40 50 50 50 50 50 60 60 60 60 60 70 70 70 70 70 
80 80 80 80 80 90 90 90 90 90 0 0 0 0 0 10 10 10 10 10 20 20 20 20 20 30 30 30 30 30 40 40 40 40 40 50 50 50 50 50 60 60 60 60 60 70 70 70 70 70 
70 70 70 70 70 80 80 80 80 80 90 90 90 90 90 0 0 0 0 0 10 10 10 10 10 20 20 20 20 20 30 30 30 30 30 40 40 40 40 40 50 50 50 50 50 60 60 60 60 60 
70 70 70 70 70 80 80 80 80 80 90 90 90 90 90 0 0 0 0 0 10 10 10 10 10 20 20 20 20 20 30 30 30 30 30 40 40 40 40 40 50 50 50 50 50 60 60 60 60 60 
70 70 70 70 70 80 80 80 80 80 90 90 90 90 90 0 0 0 0 0 10 10 10 10 10 20 20 20 20 20 30 30 30 30 30 40 40 40 40 40 50 50 50 50 50 60 60 60 60 60 
70 70 70 70 70 80 80 80 80 80 90 90 90 90 90 0 0 0 0 0 10 10 10 10 10 20 20 20 20 20 30 30 30 30 30 40 40 40 40 40 50 50 50 50 50 60 60 60 60 60 
70 70 70 70 70 80 80 80 80 80 90 90 90 90 90 0 0 0 0 0 10 10 10 10 10 20 20 20 20 20 30 30 30 30 30 40 40 40 40 40 50 50 50 50 50 60 60 60 60 60 
60 60 60 60 60 70 70 70 70 70 80 80 80 80 80 90 90 90 90 90 0 0 0 0 0 10 10 10 10 10 20 20 20 20 20 30 30 30 30 30 40 40 40 40 40 50 50 50 50 50 
60 60 60 60 60 70 70 70 70 70 80 80 80 80 80 90 90 90 90 90 0 0 0 0 0 10 10 10 10 10 20 20 20 20 20 30 30 30 30 30 40 40 40 40 40 50 50 50 50 50 
60 60 60 60 60 70 70 70 70 70 80 80 80 80 80 90 90 90 90 90 0 0 0 0 0 10 10 10 10 10 20 20 20 20 20 30 30 30 30 30 40 40 40 40 40 50 50 50 50 50 
60 60 60 60 60 70 70 70 70 70 80 80 80 80 80 90 90 90 90 90 0 0 0 0 0 10 10 10 10 10 20 20 20 20 20 30 30 30 30 30 40 40 40 40 40 50 50 50 50 50 
60 60 60 60 60 70 70 70 70 70 80 80 80 80 80 90 90 90 90 90 0 0 0 0 0 10 10 10 10 10 20 20 20 20 20 30 30 30 30 30 40 40 40 40 40 50 50 50 50 50 
50 50 50 50 50 60 60 60 60 60 70 70 70 70 70 80 80 80 80 80 90 90 90 90 90 0 0 0 0 0 10 10 10 10 10 20 20 20 20 20 30 30 30 30 30 40 40 40 40 40 
50 50 50 50 50 60 60 60 60 60 70 70 70 70 70 80 80 80 80 80 90 90 90 90 90 0 0 0 0 0 10 10 10 10 10 20 20 20 20 20 30 30 30 30 30 40 40 40 40 40 
50 50 50 50 50 60 60 60 60 60 70 70 70 70 70 80 80 80 80 80 90 90 90 90 90 0 0 0 0 0 10 10 10 10 10 20 20 20 20 20 30 30 30 30 30 40 40 40 40 40 
50 50 50 50 50 60 60 60 60 60 70 70 70 70 70 80 80 80 80 80 90 90 90 90 90 0 0 0 0 0 10 10 10 10 10 20 20 20 20 20 30 30 30 30 30 40 40 40 40 40 
50 50 50 50 50 60 60 60 60 60 70 70 70 70 70 80 80 80 80 80 90 90 90 90 90 0 0 0 0 0 10 10 10 10 10 20 20 20 20 20 30 30 30 30 30 40 40 40 40 40 
40 40 40 40 40 50 50 50 50 50 60 60 60 60 60 70 70 70 70 70 80 80 80 80 80 90 90 90 90 90 0 0 0 0 0 10 10 10 10 10 20 20 20 20 20 30 30 30 30 30 
40 40 40 40 40 50 50 50 50 50 60 60 60 60 60 70 70 70 70 70 80 80 80 80 80 90 90 90 90 90 0 0 0 0 0 10 10 10 10 10 20 20 20 20 20 30 30 30 30 30 
40 40 40 40 40 50 50 50 50 50 60 60 60 60 60 70 70 70 70 70 80 80 80 80 80 90 90 90 90 90 0 0 0 0 0 10 10 10 10 10 20 20 20 20 20 30 30 30 30 30 
40 40 40 40 40 50 50 50 50 50 60 60 60 60 60 70 70 70 70 70 80 80 80 80 80 90 90 90 90 90 0 0 0 0 0 10 10 10 10 10 20 20 20 20 20 30 30 30 30 30 
40 40 40 40 40 50 50 50 50 50 60 60 60 60 60 70 70 70 70 70 80 80 80 80 80 90 90 90 90 90 0 0 0 0 0 10 10 10 10 10 20 20 20 20 20 30 30 30 30 30 
30 30 30 30 30 40 40 40 40 40 50 50 50 50 50 60 60 60 60 60 70 70 70 70 70 80 80 80 80 80 90 90 90 90 90 0 0 0 0 0 10 10 10 10 10 20 20 20 20 20 
30 30 30 30 30 40 40 40 40 40 50 50 50 50 50 60 60 60 60 60 70 70 70 70 70 80 80 80 80 80 90 90 90 90 90 0 0 0 0 0 10 10 10 10 10 20 20 20 20 20 
30 30 30 30 30 40 40 40 40 40 50 50 50 50 50 60 60 60 60 60 70 70 70 70 70 80 80 80 80 80 90 90 90 90 90 0 0 0 0 0 10 10 10 10 10 20 20 20 20 20 
30 30 30 30 30 40 40 40 40 40 50 50 50 50 50 60 60 60 60 60 70 70 70 70 70 80 80 80 80 80 90 90 90 90 90 0 0 0 0 0 10 10 10 10 10 20 20 20 20 20 
30 30 30 30 30 40 40 40 40 40 50 50 50 50 50 60 60 60 60 60 70 70 70 70 70 80 80 80 80 80 90 90 90 90 90 0 0 0 0 0 10 10 10 10 10 20 20 20 20 20 
20 20 20 20 20 30 30 30 30 30 40 40 40 40 40 50 50 50 50 50 60 60 60 60 60 70 70 70 70 70 80 80 80 80 80 90 90 90 90 90 0 0 0 0 0 10 10 10 10 10 
20 20 20 20 20 30 30 30 30 30 40 40 40 40 40 50 50 50 50 50 60 60 60 60 60 70 70 70 70 70 80 80 80 80 80 90 90 90 90 90 0 0 0 0 0 10 10 10 10 10 
20 20 20 20 20 30 30 30 30 30 40 40 40 40 40 50 50 50 50 50 60 60 60 60 60 70 70 70 70 70 80 80 80 80 80 90 90 90 90 90 0 0 0 0 0 10 10 10 10 10 
20 20 20 20 20 30 30 30 30 30 40 40 40 40 40 50 50 50 50 50 60 60 60 60 60 70 70 70 70 70 80 80 80 80 80 90 90 90 90 90 0 0 0 0 0 10 10 10 10 10 
20 20 20 20 20 30 30 30 30 30 40 40 40 40 40 50 50 50 50 50 60 60 60 60 60 70 70 70 70 70 80 80 80 80 80 90 90 90 90 90 0 0 0 0 0 10 10 10 10 10 
10 10 10 10 10 20 20 20 20 20 30 30 30 30 30 40 40 40 40 40 50 50 50 50 50 60 60 60 60 60 70 70 70 70 70 80 80 80 80 80 90 90 90 90 90 0 0 0 0 0 
10 10 10 10 10 20 20 20 20 20 30 30 30 30 30 40 40 40 40 40 50 50 50 50 50 60 60 60 60 60 70 70 70 70 70 80 80 80 80 80 90 90 90 90 90 0 0 0 0 0 
10 10 10 10 10 20 20 20 20 20 30 30 30 30 30 40 40 40 40 40 50 50 50 50 50 60 60 60 60 60 70 70 70 70 70 80 80 80 80 80 90 90 90 90 90 0 0 0 0 0 
10 10 10 10 10 20 20 20 20 20 30 30 30 30 30 40 40 40 40 40 50 50 50 50 50 60 60 60 60 60 70 70 70 70 70 80 80 80 80 80 90 90 90 90 90 0 0 0 0 0 
10 10 10 10 10 20 20 20 20 20 30 30 30 30 30 40 40 40 40 40 50 50 50 50 50 60 60 60 60 60 70 70 70 70 70 80 80 80 80 80 90 90 90 90 90 0 0 0 0 0 

$transfer (resp. load/unload) time from (j-1)-th to j-th operation of job i; first of line is loading time, last of line is unloading time (for blocking job shop)
 15 17  9 17 14  4
 20  6  7  4 18  3
 17  5 20 17 13 14
 14 19 12 15 10  6
  4  4  6  6  7 13
 20 12  4 14  1 20
 14  5  4 14  2 17
 17  1  3  2  9 12
 16  7 11 13 18 18
  7  2 18 10 11 10

$time gaps between two consecutive operations of same job, can be negative,(one line for each job, #ofOpsOfThatJob-1 entries in one line) (for no-wait job shop)
0 0 0 0 
0 0 0 0 
0 0 0 0 
0 0 0 0 
0 0 0 0 
0 0 0 0 
0 0 0 0 
0 0 0 0 
0 0 0 0 
0 0 0 0 
