$instance la04
$Lawrence 10x5 instance (Table 3, instance 4); also called (setf4) or (F4)
10 5
0 12 2 94 3 92 4 91 1 7 
1 19 3 11 4 66 2 21 0 87 
1 14 0 75 3 13 4 16 2 20 
2 95 4 66 0 7 3 7 1 77 
1 45 3 6 4 89 0 15 2 34 
3 77 2 20 0 76 4 88 1 53 
2 74 1 88 0 52 3 27 4 9 
1 88 3 69 0 62 4 98 2 52 
2 61 4 9 0 62 1 52 3 90 
2 54 4 5 3 59 1 15 0 88 

$initial setup times (for each operation) 
10 10 10 10 10 20 20 20 20 20 30 30 30 30 30 40 40 40 40 40 50 50 50 50 50 60 60 60 60 60 70 70 70 70 70 80 80 80 80 80 90 90 90 90 90 100 100 100 100 100 

$final setup times (for each operation)
0 0 0 0 0 0 0 0 0 0 0 0 0 0 0 0 0 0 0 0 0 0 0 0 0 0 0 0 0 0 0 0 0 0 0 0 0 0 0 0 0 0 0 0 0 0 0 0 0 0 

$setup times between each pair of operations (from op -> to op)
0 0 0 0 0 10 10 10 10 10 20 20 20 20 20 30 30 30 30 30 40 40 40 40 40 50 50 50 50 50 60 60 60 60 60 70 70 70 70 70 80 80 80 80 80 90 90 90 90 90 
0 0 0 0 0 10 10 10 10 10 20 20 20 20 20 30 30 30 30 30 40 40 40 40 40 50 50 50 50 50 60 60 60 60 60 70 70 70 70 70 80 80 80 80 80 90 90 90 90 90 
0 0 0 0 0 10 10 10 10 10 20 20 20 20 20 30 30 30 30 30 40 40 40 40 40 50 50 50 50 50 60 60 60 60 60 70 70 70 70 70 80 80 80 80 80 90 90 90 90 90 
0 0 0 0 0 10 10 10 10 10 20 20 20 20 20 30 30 30 30 30 40 40 40 40 40 50 50 50 50 50 60 60 60 60 60 70 70 70 70 70 80 80 80 80 80 90 90 90 90 90 
0 0 0 0 0 10 10 10 10 10 20 20 20 20 20 30 30 30 30 30 40 40 40 40 40 50 50 50 50 50 60 60 60 60 60 70 70 70 70 70 80 80 80 80 80 90 90 90 90 90 
90 90 90 90 90 0 0 0 0 0 10 10 10 10 10 20 20 20 20 20 30 30 30 30 30 40 40 40 40 40 50 50 50 50 50 60 60 60 60 60 70 70 70 70 70 80 80 80 80 80 
90 90 90 90 90 0 0 0 0 0 10 10 10 10 10 20 20 20 20 20 30 30 30 30 30 40 40 40 40 40 50 50 50 50 50 60 60 60 60 60 70 70 70 70 70 80 80 80 80 80 
90 90 90 90 90 0 0 0 0 0 10 10 10 10 10 20 20 20 20 20 30 30 30 30 30 40 40 40 40 40 50 50 50 50 50 60 60 60 60 60 70 70 70 70 70 80 80 80 80 80 
90 90 90 90 90 0 0 0 0 0 10 10 10 10 10 20 20 20 20 20 30 30 30 30 30 40 40 40 40 40 50 50 50 50 50 60 60 60 60 60 70 70 70 70 70 80 80 80 80 80 
90 90 90 90 90 0 0 0 0 0 10 10 10 10 10 20 20 20 20 20 30 30 30 30 30 40 40 40 40 40 50 50 50 50 50 60 60 60 60 60 70 70 70 70 70 80 80 80 80 80 
80 80 80 80 80 90 90 90 90 90 0 0 0 0 0 10 10 10 10 10 20 20 20 20 20 30 30 30 30 30 40 40 40 40 40 50 50 50 50 50 60 60 60 60 60 70 70 70 70 70 
80 80 80 80 80 90 90 90 90 90 0 0 0 0 0 10 10 10 10 10 20 20 20 20 20 30 30 30 30 30 40 40 40 40 40 50 50 50 50 50 60 60 60 60 60 70 70 70 70 70 
80 80 80 80 80 90 90 90 90 90 0 0 0 0 0 10 10 10 10 10 20 20 20 20 20 30 30 30 30 30 40 40 40 40 40 50 50 50 50 50 60 60 60 60 60 70 70 70 70 70 
80 80 80 80 80 90 90 90 90 90 0 0 0 0 0 10 10 10 10 10 20 20 20 20 20 30 30 30 30 30 40 40 40 40 40 50 50 50 50 50 60 60 60 60 60 70 70 70 70 70 
80 80 80 80 80 90 90 90 90 90 0 0 0 0 0 10 10 10 10 10 20 20 20 20 20 30 30 30 30 30 40 40 40 40 40 50 50 50 50 50 60 60 60 60 60 70 70 70 70 70 
70 70 70 70 70 80 80 80 80 80 90 90 90 90 90 0 0 0 0 0 10 10 10 10 10 20 20 20 20 20 30 30 30 30 30 40 40 40 40 40 50 50 50 50 50 60 60 60 60 60 
70 70 70 70 70 80 80 80 80 80 90 90 90 90 90 0 0 0 0 0 10 10 10 10 10 20 20 20 20 20 30 30 30 30 30 40 40 40 40 40 50 50 50 50 50 60 60 60 60 60 
70 70 70 70 70 80 80 80 80 80 90 90 90 90 90 0 0 0 0 0 10 10 10 10 10 20 20 20 20 20 30 30 30 30 30 40 40 40 40 40 50 50 50 50 50 60 60 60 60 60 
70 70 70 70 70 80 80 80 80 80 90 90 90 90 90 0 0 0 0 0 10 10 10 10 10 20 20 20 20 20 30 30 30 30 30 40 40 40 40 40 50 50 50 50 50 60 60 60 60 60 
70 70 70 70 70 80 80 80 80 80 90 90 90 90 90 0 0 0 0 0 10 10 10 10 10 20 20 20 20 20 30 30 30 30 30 40 40 40 40 40 50 50 50 50 50 60 60 60 60 60 
60 60 60 60 60 70 70 70 70 70 80 80 80 80 80 90 90 90 90 90 0 0 0 0 0 10 10 10 10 10 20 20 20 20 20 30 30 30 30 30 40 40 40 40 40 50 50 50 50 50 
60 60 60 60 60 70 70 70 70 70 80 80 80 80 80 90 90 90 90 90 0 0 0 0 0 10 10 10 10 10 20 20 20 20 20 30 30 30 30 30 40 40 40 40 40 50 50 50 50 50 
60 60 60 60 60 70 70 70 70 70 80 80 80 80 80 90 90 90 90 90 0 0 0 0 0 10 10 10 10 10 20 20 20 20 20 30 30 30 30 30 40 40 40 40 40 50 50 50 50 50 
60 60 60 60 60 70 70 70 70 70 80 80 80 80 80 90 90 90 90 90 0 0 0 0 0 10 10 10 10 10 20 20 20 20 20 30 30 30 30 30 40 40 40 40 40 50 50 50 50 50 
60 60 60 60 60 70 70 70 70 70 80 80 80 80 80 90 90 90 90 90 0 0 0 0 0 10 10 10 10 10 20 20 20 20 20 30 30 30 30 30 40 40 40 40 40 50 50 50 50 50 
50 50 50 50 50 60 60 60 60 60 70 70 70 70 70 80 80 80 80 80 90 90 90 90 90 0 0 0 0 0 10 10 10 10 10 20 20 20 20 20 30 30 30 30 30 40 40 40 40 40 
50 50 50 50 50 60 60 60 60 60 70 70 70 70 70 80 80 80 80 80 90 90 90 90 90 0 0 0 0 0 10 10 10 10 10 20 20 20 20 20 30 30 30 30 30 40 40 40 40 40 
50 50 50 50 50 60 60 60 60 60 70 70 70 70 70 80 80 80 80 80 90 90 90 90 90 0 0 0 0 0 10 10 10 10 10 20 20 20 20 20 30 30 30 30 30 40 40 40 40 40 
50 50 50 50 50 60 60 60 60 60 70 70 70 70 70 80 80 80 80 80 90 90 90 90 90 0 0 0 0 0 10 10 10 10 10 20 20 20 20 20 30 30 30 30 30 40 40 40 40 40 
50 50 50 50 50 60 60 60 60 60 70 70 70 70 70 80 80 80 80 80 90 90 90 90 90 0 0 0 0 0 10 10 10 10 10 20 20 20 20 20 30 30 30 30 30 40 40 40 40 40 
40 40 40 40 40 50 50 50 50 50 60 60 60 60 60 70 70 70 70 70 80 80 80 80 80 90 90 90 90 90 0 0 0 0 0 10 10 10 10 10 20 20 20 20 20 30 30 30 30 30 
40 40 40 40 40 50 50 50 50 50 60 60 60 60 60 70 70 70 70 70 80 80 80 80 80 90 90 90 90 90 0 0 0 0 0 10 10 10 10 10 20 20 20 20 20 30 30 30 30 30 
40 40 40 40 40 50 50 50 50 50 60 60 60 60 60 70 70 70 70 70 80 80 80 80 80 90 90 90 90 90 0 0 0 0 0 10 10 10 10 10 20 20 20 20 20 30 30 30 30 30 
40 40 40 40 40 50 50 50 50 50 60 60 60 60 60 70 70 70 70 70 80 80 80 80 80 90 90 90 90 90 0 0 0 0 0 10 10 10 10 10 20 20 20 20 20 30 30 30 30 30 
40 40 40 40 40 50 50 50 50 50 60 60 60 60 60 70 70 70 70 70 80 80 80 80 80 90 90 90 90 90 0 0 0 0 0 10 10 10 10 10 20 20 20 20 20 30 30 30 30 30 
30 30 30 30 30 40 40 40 40 40 50 50 50 50 50 60 60 60 60 60 70 70 70 70 70 80 80 80 80 80 90 90 90 90 90 0 0 0 0 0 10 10 10 10 10 20 20 20 20 20 
30 30 30 30 30 40 40 40 40 40 50 50 50 50 50 60 60 60 60 60 70 70 70 70 70 80 80 80 80 80 90 90 90 90 90 0 0 0 0 0 10 10 10 10 10 20 20 20 20 20 
30 30 30 30 30 40 40 40 40 40 50 50 50 50 50 60 60 60 60 60 70 70 70 70 70 80 80 80 80 80 90 90 90 90 90 0 0 0 0 0 10 10 10 10 10 20 20 20 20 20 
30 30 30 30 30 40 40 40 40 40 50 50 50 50 50 60 60 60 60 60 70 70 70 70 70 80 80 80 80 80 90 90 90 90 90 0 0 0 0 0 10 10 10 10 10 20 20 20 20 20 
30 30 30 30 30 40 40 40 40 40 50 50 50 50 50 60 60 60 60 60 70 70 70 70 70 80 80 80 80 80 90 90 90 90 90 0 0 0 0 0 10 10 10 10 10 20 20 20 20 20 
20 20 20 20 20 30 30 30 30 30 40 40 40 40 40 50 50 50 50 50 60 60 60 60 60 70 70 70 70 70 80 80 80 80 80 90 90 90 90 90 0 0 0 0 0 10 10 10 10 10 
20 20 20 20 20 30 30 30 30 30 40 40 40 40 40 50 50 50 50 50 60 60 60 60 60 70 70 70 70 70 80 80 80 80 80 90 90 90 90 90 0 0 0 0 0 10 10 10 10 10 
20 20 20 20 20 30 30 30 30 30 40 40 40 40 40 50 50 50 50 50 60 60 60 60 60 70 70 70 70 70 80 80 80 80 80 90 90 90 90 90 0 0 0 0 0 10 10 10 10 10 
20 20 20 20 20 30 30 30 30 30 40 40 40 40 40 50 50 50 50 50 60 60 60 60 60 70 70 70 70 70 80 80 80 80 80 90 90 90 90 90 0 0 0 0 0 10 10 10 10 10 
20 20 20 20 20 30 30 30 30 30 40 40 40 40 40 50 50 50 50 50 60 60 60 60 60 70 70 70 70 70 80 80 80 80 80 90 90 90 90 90 0 0 0 0 0 10 10 10 10 10 
10 10 10 10 10 20 20 20 20 20 30 30 30 30 30 40 40 40 40 40 50 50 50 50 50 60 60 60 60 60 70 70 70 70 70 80 80 80 80 80 90 90 90 90 90 0 0 0 0 0 
10 10 10 10 10 20 20 20 20 20 30 30 30 30 30 40 40 40 40 40 50 50 50 50 50 60 60 60 60 60 70 70 70 70 70 80 80 80 80 80 90 90 90 90 90 0 0 0 0 0 
10 10 10 10 10 20 20 20 20 20 30 30 30 30 30 40 40 40 40 40 50 50 50 50 50 60 60 60 60 60 70 70 70 70 70 80 80 80 80 80 90 90 90 90 90 0 0 0 0 0 
10 10 10 10 10 20 20 20 20 20 30 30 30 30 30 40 40 40 40 40 50 50 50 50 50 60 60 60 60 60 70 70 70 70 70 80 80 80 80 80 90 90 90 90 90 0 0 0 0 0 
10 10 10 10 10 20 20 20 20 20 30 30 30 30 30 40 40 40 40 40 50 50 50 50 50 60 60 60 60 60 70 70 70 70 70 80 80 80 80 80 90 90 90 90 90 0 0 0 0 0 

$transfer (resp. load/unload) time from (j-1)-th to j-th operation of job i; first of line is loading time, last of line is unloading time (for blocking job shop)
 17 20 13 10  1 19
  4  3  3 12 10 11
 11 20 19 13  9 19
 14  2  2  4  2 12
  3  4  4 17 13  7
 20 18  2  5  6 13
  4  9  7  8  4 16
  4 17  4  4  6 15
  1  9  7  2 10  4
 19 14  1  2 19  8

$time gaps between two consecutive operations of same job, can be negative,(one line for each job, #ofOpsOfThatJob-1 entries in one line) (for no-wait job shop)
0 0 0 0 
0 0 0 0 
0 0 0 0 
0 0 0 0 
0 0 0 0 
0 0 0 0 
0 0 0 0 
0 0 0 0 
0 0 0 0 
0 0 0 0 
