$instance la05
$Lawrence 10x5 instance (Table 3, instance 5); also called (setf5) or (F5)
10 5
1 72 0 87 4 95 2 66 3 60 
4 5 3 35 0 48 2 39 1 54 
1 46 3 20 2 21 0 97 4 55 
0 59 3 19 4 46 1 34 2 37 
4 23 2 73 3 25 1 24 0 28 
3 28 0 45 4 5 1 78 2 83 
0 53 3 71 1 37 4 29 2 12 
4 12 2 87 3 33 1 55 0 38 
2 49 3 83 1 40 0 48 4 7 
2 65 3 17 0 90 4 27 1 23 

$initial setup times (for each operation) 
10 10 10 10 10 20 20 20 20 20 30 30 30 30 30 40 40 40 40 40 50 50 50 50 50 60 60 60 60 60 70 70 70 70 70 80 80 80 80 80 90 90 90 90 90 100 100 100 100 100 

$final setup times (for each operation)
0 0 0 0 0 0 0 0 0 0 0 0 0 0 0 0 0 0 0 0 0 0 0 0 0 0 0 0 0 0 0 0 0 0 0 0 0 0 0 0 0 0 0 0 0 0 0 0 0 0 

$setup times between each pair of operations (from op -> to op)
0 0 0 0 0 10 10 10 10 10 20 20 20 20 20 30 30 30 30 30 40 40 40 40 40 50 50 50 50 50 60 60 60 60 60 70 70 70 70 70 80 80 80 80 80 90 90 90 90 90 
0 0 0 0 0 10 10 10 10 10 20 20 20 20 20 30 30 30 30 30 40 40 40 40 40 50 50 50 50 50 60 60 60 60 60 70 70 70 70 70 80 80 80 80 80 90 90 90 90 90 
0 0 0 0 0 10 10 10 10 10 20 20 20 20 20 30 30 30 30 30 40 40 40 40 40 50 50 50 50 50 60 60 60 60 60 70 70 70 70 70 80 80 80 80 80 90 90 90 90 90 
0 0 0 0 0 10 10 10 10 10 20 20 20 20 20 30 30 30 30 30 40 40 40 40 40 50 50 50 50 50 60 60 60 60 60 70 70 70 70 70 80 80 80 80 80 90 90 90 90 90 
0 0 0 0 0 10 10 10 10 10 20 20 20 20 20 30 30 30 30 30 40 40 40 40 40 50 50 50 50 50 60 60 60 60 60 70 70 70 70 70 80 80 80 80 80 90 90 90 90 90 
90 90 90 90 90 0 0 0 0 0 10 10 10 10 10 20 20 20 20 20 30 30 30 30 30 40 40 40 40 40 50 50 50 50 50 60 60 60 60 60 70 70 70 70 70 80 80 80 80 80 
90 90 90 90 90 0 0 0 0 0 10 10 10 10 10 20 20 20 20 20 30 30 30 30 30 40 40 40 40 40 50 50 50 50 50 60 60 60 60 60 70 70 70 70 70 80 80 80 80 80 
90 90 90 90 90 0 0 0 0 0 10 10 10 10 10 20 20 20 20 20 30 30 30 30 30 40 40 40 40 40 50 50 50 50 50 60 60 60 60 60 70 70 70 70 70 80 80 80 80 80 
90 90 90 90 90 0 0 0 0 0 10 10 10 10 10 20 20 20 20 20 30 30 30 30 30 40 40 40 40 40 50 50 50 50 50 60 60 60 60 60 70 70 70 70 70 80 80 80 80 80 
90 90 90 90 90 0 0 0 0 0 10 10 10 10 10 20 20 20 20 20 30 30 30 30 30 40 40 40 40 40 50 50 50 50 50 60 60 60 60 60 70 70 70 70 70 80 80 80 80 80 
80 80 80 80 80 90 90 90 90 90 0 0 0 0 0 10 10 10 10 10 20 20 20 20 20 30 30 30 30 30 40 40 40 40 40 50 50 50 50 50 60 60 60 60 60 70 70 70 70 70 
80 80 80 80 80 90 90 90 90 90 0 0 0 0 0 10 10 10 10 10 20 20 20 20 20 30 30 30 30 30 40 40 40 40 40 50 50 50 50 50 60 60 60 60 60 70 70 70 70 70 
80 80 80 80 80 90 90 90 90 90 0 0 0 0 0 10 10 10 10 10 20 20 20 20 20 30 30 30 30 30 40 40 40 40 40 50 50 50 50 50 60 60 60 60 60 70 70 70 70 70 
80 80 80 80 80 90 90 90 90 90 0 0 0 0 0 10 10 10 10 10 20 20 20 20 20 30 30 30 30 30 40 40 40 40 40 50 50 50 50 50 60 60 60 60 60 70 70 70 70 70 
80 80 80 80 80 90 90 90 90 90 0 0 0 0 0 10 10 10 10 10 20 20 20 20 20 30 30 30 30 30 40 40 40 40 40 50 50 50 50 50 60 60 60 60 60 70 70 70 70 70 
70 70 70 70 70 80 80 80 80 80 90 90 90 90 90 0 0 0 0 0 10 10 10 10 10 20 20 20 20 20 30 30 30 30 30 40 40 40 40 40 50 50 50 50 50 60 60 60 60 60 
70 70 70 70 70 80 80 80 80 80 90 90 90 90 90 0 0 0 0 0 10 10 10 10 10 20 20 20 20 20 30 30 30 30 30 40 40 40 40 40 50 50 50 50 50 60 60 60 60 60 
70 70 70 70 70 80 80 80 80 80 90 90 90 90 90 0 0 0 0 0 10 10 10 10 10 20 20 20 20 20 30 30 30 30 30 40 40 40 40 40 50 50 50 50 50 60 60 60 60 60 
70 70 70 70 70 80 80 80 80 80 90 90 90 90 90 0 0 0 0 0 10 10 10 10 10 20 20 20 20 20 30 30 30 30 30 40 40 40 40 40 50 50 50 50 50 60 60 60 60 60 
70 70 70 70 70 80 80 80 80 80 90 90 90 90 90 0 0 0 0 0 10 10 10 10 10 20 20 20 20 20 30 30 30 30 30 40 40 40 40 40 50 50 50 50 50 60 60 60 60 60 
60 60 60 60 60 70 70 70 70 70 80 80 80 80 80 90 90 90 90 90 0 0 0 0 0 10 10 10 10 10 20 20 20 20 20 30 30 30 30 30 40 40 40 40 40 50 50 50 50 50 
60 60 60 60 60 70 70 70 70 70 80 80 80 80 80 90 90 90 90 90 0 0 0 0 0 10 10 10 10 10 20 20 20 20 20 30 30 30 30 30 40 40 40 40 40 50 50 50 50 50 
60 60 60 60 60 70 70 70 70 70 80 80 80 80 80 90 90 90 90 90 0 0 0 0 0 10 10 10 10 10 20 20 20 20 20 30 30 30 30 30 40 40 40 40 40 50 50 50 50 50 
60 60 60 60 60 70 70 70 70 70 80 80 80 80 80 90 90 90 90 90 0 0 0 0 0 10 10 10 10 10 20 20 20 20 20 30 30 30 30 30 40 40 40 40 40 50 50 50 50 50 
60 60 60 60 60 70 70 70 70 70 80 80 80 80 80 90 90 90 90 90 0 0 0 0 0 10 10 10 10 10 20 20 20 20 20 30 30 30 30 30 40 40 40 40 40 50 50 50 50 50 
50 50 50 50 50 60 60 60 60 60 70 70 70 70 70 80 80 80 80 80 90 90 90 90 90 0 0 0 0 0 10 10 10 10 10 20 20 20 20 20 30 30 30 30 30 40 40 40 40 40 
50 50 50 50 50 60 60 60 60 60 70 70 70 70 70 80 80 80 80 80 90 90 90 90 90 0 0 0 0 0 10 10 10 10 10 20 20 20 20 20 30 30 30 30 30 40 40 40 40 40 
50 50 50 50 50 60 60 60 60 60 70 70 70 70 70 80 80 80 80 80 90 90 90 90 90 0 0 0 0 0 10 10 10 10 10 20 20 20 20 20 30 30 30 30 30 40 40 40 40 40 
50 50 50 50 50 60 60 60 60 60 70 70 70 70 70 80 80 80 80 80 90 90 90 90 90 0 0 0 0 0 10 10 10 10 10 20 20 20 20 20 30 30 30 30 30 40 40 40 40 40 
50 50 50 50 50 60 60 60 60 60 70 70 70 70 70 80 80 80 80 80 90 90 90 90 90 0 0 0 0 0 10 10 10 10 10 20 20 20 20 20 30 30 30 30 30 40 40 40 40 40 
40 40 40 40 40 50 50 50 50 50 60 60 60 60 60 70 70 70 70 70 80 80 80 80 80 90 90 90 90 90 0 0 0 0 0 10 10 10 10 10 20 20 20 20 20 30 30 30 30 30 
40 40 40 40 40 50 50 50 50 50 60 60 60 60 60 70 70 70 70 70 80 80 80 80 80 90 90 90 90 90 0 0 0 0 0 10 10 10 10 10 20 20 20 20 20 30 30 30 30 30 
40 40 40 40 40 50 50 50 50 50 60 60 60 60 60 70 70 70 70 70 80 80 80 80 80 90 90 90 90 90 0 0 0 0 0 10 10 10 10 10 20 20 20 20 20 30 30 30 30 30 
40 40 40 40 40 50 50 50 50 50 60 60 60 60 60 70 70 70 70 70 80 80 80 80 80 90 90 90 90 90 0 0 0 0 0 10 10 10 10 10 20 20 20 20 20 30 30 30 30 30 
40 40 40 40 40 50 50 50 50 50 60 60 60 60 60 70 70 70 70 70 80 80 80 80 80 90 90 90 90 90 0 0 0 0 0 10 10 10 10 10 20 20 20 20 20 30 30 30 30 30 
30 30 30 30 30 40 40 40 40 40 50 50 50 50 50 60 60 60 60 60 70 70 70 70 70 80 80 80 80 80 90 90 90 90 90 0 0 0 0 0 10 10 10 10 10 20 20 20 20 20 
30 30 30 30 30 40 40 40 40 40 50 50 50 50 50 60 60 60 60 60 70 70 70 70 70 80 80 80 80 80 90 90 90 90 90 0 0 0 0 0 10 10 10 10 10 20 20 20 20 20 
30 30 30 30 30 40 40 40 40 40 50 50 50 50 50 60 60 60 60 60 70 70 70 70 70 80 80 80 80 80 90 90 90 90 90 0 0 0 0 0 10 10 10 10 10 20 20 20 20 20 
30 30 30 30 30 40 40 40 40 40 50 50 50 50 50 60 60 60 60 60 70 70 70 70 70 80 80 80 80 80 90 90 90 90 90 0 0 0 0 0 10 10 10 10 10 20 20 20 20 20 
30 30 30 30 30 40 40 40 40 40 50 50 50 50 50 60 60 60 60 60 70 70 70 70 70 80 80 80 80 80 90 90 90 90 90 0 0 0 0 0 10 10 10 10 10 20 20 20 20 20 
20 20 20 20 20 30 30 30 30 30 40 40 40 40 40 50 50 50 50 50 60 60 60 60 60 70 70 70 70 70 80 80 80 80 80 90 90 90 90 90 0 0 0 0 0 10 10 10 10 10 
20 20 20 20 20 30 30 30 30 30 40 40 40 40 40 50 50 50 50 50 60 60 60 60 60 70 70 70 70 70 80 80 80 80 80 90 90 90 90 90 0 0 0 0 0 10 10 10 10 10 
20 20 20 20 20 30 30 30 30 30 40 40 40 40 40 50 50 50 50 50 60 60 60 60 60 70 70 70 70 70 80 80 80 80 80 90 90 90 90 90 0 0 0 0 0 10 10 10 10 10 
20 20 20 20 20 30 30 30 30 30 40 40 40 40 40 50 50 50 50 50 60 60 60 60 60 70 70 70 70 70 80 80 80 80 80 90 90 90 90 90 0 0 0 0 0 10 10 10 10 10 
20 20 20 20 20 30 30 30 30 30 40 40 40 40 40 50 50 50 50 50 60 60 60 60 60 70 70 70 70 70 80 80 80 80 80 90 90 90 90 90 0 0 0 0 0 10 10 10 10 10 
10 10 10 10 10 20 20 20 20 20 30 30 30 30 30 40 40 40 40 40 50 50 50 50 50 60 60 60 60 60 70 70 70 70 70 80 80 80 80 80 90 90 90 90 90 0 0 0 0 0 
10 10 10 10 10 20 20 20 20 20 30 30 30 30 30 40 40 40 40 40 50 50 50 50 50 60 60 60 60 60 70 70 70 70 70 80 80 80 80 80 90 90 90 90 90 0 0 0 0 0 
10 10 10 10 10 20 20 20 20 20 30 30 30 30 30 40 40 40 40 40 50 50 50 50 50 60 60 60 60 60 70 70 70 70 70 80 80 80 80 80 90 90 90 90 90 0 0 0 0 0 
10 10 10 10 10 20 20 20 20 20 30 30 30 30 30 40 40 40 40 40 50 50 50 50 50 60 60 60 60 60 70 70 70 70 70 80 80 80 80 80 90 90 90 90 90 0 0 0 0 0 
10 10 10 10 10 20 20 20 20 20 30 30 30 30 30 40 40 40 40 40 50 50 50 50 50 60 60 60 60 60 70 70 70 70 70 80 80 80 80 80 90 90 90 90 90 0 0 0 0 0 

$transfer (resp. load/unload) time from (j-1)-th to j-th operation of job i; first of line is loading time, last of line is unloading time (for blocking job shop)
 18  6  5 20  9 11
 12 19 18 16 11  7
  7  3  4 16 11 19
  5 16 19  8 16  1
  7  3  7  1 20 18
  1 20 15 13  3 16
 10 18  3  1 13  2
  9  8 20  1 18 12
  2  9  1 13 13  2
 16 12 13 16 20 12

$time gaps between two consecutive operations of same job, can be negative,(one line for each job, #ofOpsOfThatJob-1 entries in one line) (for no-wait job shop)
0 0 0 0 
0 0 0 0 
0 0 0 0 
0 0 0 0 
0 0 0 0 
0 0 0 0 
0 0 0 0 
0 0 0 0 
0 0 0 0 
0 0 0 0 
