$instance la14
$Lawrence 20x5 instance (Table 5, instance 4); also called (seth4) or (H4)
20 5
3 5 4 58 2 44 0 9 1 58 
1 89 4 96 0 97 2 84 3 77 
2 81 3 85 1 87 4 39 0 77 
0 15 3 57 4 73 1 21 2 31 
2 48 4 71 3 70 0 40 1 49 
0 10 4 82 3 34 2 80 1 22 
2 17 0 55 1 91 4 75 3 7 
3 47 2 62 1 72 4 35 0 11 
1 90 2 94 4 50 0 64 3 75 
3 15 2 67 0 12 4 20 1 71 
4 93 2 29 0 52 1 57 3 68 
3 77 1 93 0 58 2 70 4 7 
1 63 3 27 0 95 4 6 2 82 
4 36 0 26 3 48 2 56 1 87 
2 36 1 8 4 15 3 76 0 36 
4 78 1 84 3 41 0 30 2 76 
1 78 0 75 4 88 3 13 2 81 
0 54 4 40 2 13 1 82 3 29 
1 26 4 82 0 52 3 6 2 6 
3 54 1 64 0 54 2 32 4 88 

$initial setup times (for each operation) 
10 10 10 10 10 20 20 20 20 20 30 30 30 30 30 40 40 40 40 40 50 50 50 50 50 60 60 60 60 60 70 70 70 70 70 80 80 80 80 80 90 90 90 90 90 100 100 100 100 100 110 110 110 110 110 120 120 120 120 120 130 130 130 130 130 140 140 140 140 140 150 150 150 150 150 160 160 160 160 160 170 170 170 170 170 180 180 180 180 180 190 190 190 190 190 200 200 200 200 200 

$final setup times (for each operation)
0 0 0 0 0 0 0 0 0 0 0 0 0 0 0 0 0 0 0 0 0 0 0 0 0 0 0 0 0 0 0 0 0 0 0 0 0 0 0 0 0 0 0 0 0 0 0 0 0 0 0 0 0 0 0 0 0 0 0 0 0 0 0 0 0 0 0 0 0 0 0 0 0 0 0 0 0 0 0 0 0 0 0 0 0 0 0 0 0 0 0 0 0 0 0 0 0 0 0 0 

$setup times between each pair of operations (from op -> to op)
0 0 0 0 0 10 10 10 10 10 20 20 20 20 20 30 30 30 30 30 40 40 40 40 40 50 50 50 50 50 60 60 60 60 60 70 70 70 70 70 80 80 80 80 80 90 90 90 90 90 100 100 100 100 100 110 110 110 110 110 120 120 120 120 120 130 130 130 130 130 140 140 140 140 140 150 150 150 150 150 160 160 160 160 160 170 170 170 170 170 180 180 180 180 180 190 190 190 190 190 
0 0 0 0 0 10 10 10 10 10 20 20 20 20 20 30 30 30 30 30 40 40 40 40 40 50 50 50 50 50 60 60 60 60 60 70 70 70 70 70 80 80 80 80 80 90 90 90 90 90 100 100 100 100 100 110 110 110 110 110 120 120 120 120 120 130 130 130 130 130 140 140 140 140 140 150 150 150 150 150 160 160 160 160 160 170 170 170 170 170 180 180 180 180 180 190 190 190 190 190 
0 0 0 0 0 10 10 10 10 10 20 20 20 20 20 30 30 30 30 30 40 40 40 40 40 50 50 50 50 50 60 60 60 60 60 70 70 70 70 70 80 80 80 80 80 90 90 90 90 90 100 100 100 100 100 110 110 110 110 110 120 120 120 120 120 130 130 130 130 130 140 140 140 140 140 150 150 150 150 150 160 160 160 160 160 170 170 170 170 170 180 180 180 180 180 190 190 190 190 190 
0 0 0 0 0 10 10 10 10 10 20 20 20 20 20 30 30 30 30 30 40 40 40 40 40 50 50 50 50 50 60 60 60 60 60 70 70 70 70 70 80 80 80 80 80 90 90 90 90 90 100 100 100 100 100 110 110 110 110 110 120 120 120 120 120 130 130 130 130 130 140 140 140 140 140 150 150 150 150 150 160 160 160 160 160 170 170 170 170 170 180 180 180 180 180 190 190 190 190 190 
0 0 0 0 0 10 10 10 10 10 20 20 20 20 20 30 30 30 30 30 40 40 40 40 40 50 50 50 50 50 60 60 60 60 60 70 70 70 70 70 80 80 80 80 80 90 90 90 90 90 100 100 100 100 100 110 110 110 110 110 120 120 120 120 120 130 130 130 130 130 140 140 140 140 140 150 150 150 150 150 160 160 160 160 160 170 170 170 170 170 180 180 180 180 180 190 190 190 190 190 
190 190 190 190 190 0 0 0 0 0 10 10 10 10 10 20 20 20 20 20 30 30 30 30 30 40 40 40 40 40 50 50 50 50 50 60 60 60 60 60 70 70 70 70 70 80 80 80 80 80 90 90 90 90 90 100 100 100 100 100 110 110 110 110 110 120 120 120 120 120 130 130 130 130 130 140 140 140 140 140 150 150 150 150 150 160 160 160 160 160 170 170 170 170 170 180 180 180 180 180 
190 190 190 190 190 0 0 0 0 0 10 10 10 10 10 20 20 20 20 20 30 30 30 30 30 40 40 40 40 40 50 50 50 50 50 60 60 60 60 60 70 70 70 70 70 80 80 80 80 80 90 90 90 90 90 100 100 100 100 100 110 110 110 110 110 120 120 120 120 120 130 130 130 130 130 140 140 140 140 140 150 150 150 150 150 160 160 160 160 160 170 170 170 170 170 180 180 180 180 180 
190 190 190 190 190 0 0 0 0 0 10 10 10 10 10 20 20 20 20 20 30 30 30 30 30 40 40 40 40 40 50 50 50 50 50 60 60 60 60 60 70 70 70 70 70 80 80 80 80 80 90 90 90 90 90 100 100 100 100 100 110 110 110 110 110 120 120 120 120 120 130 130 130 130 130 140 140 140 140 140 150 150 150 150 150 160 160 160 160 160 170 170 170 170 170 180 180 180 180 180 
190 190 190 190 190 0 0 0 0 0 10 10 10 10 10 20 20 20 20 20 30 30 30 30 30 40 40 40 40 40 50 50 50 50 50 60 60 60 60 60 70 70 70 70 70 80 80 80 80 80 90 90 90 90 90 100 100 100 100 100 110 110 110 110 110 120 120 120 120 120 130 130 130 130 130 140 140 140 140 140 150 150 150 150 150 160 160 160 160 160 170 170 170 170 170 180 180 180 180 180 
190 190 190 190 190 0 0 0 0 0 10 10 10 10 10 20 20 20 20 20 30 30 30 30 30 40 40 40 40 40 50 50 50 50 50 60 60 60 60 60 70 70 70 70 70 80 80 80 80 80 90 90 90 90 90 100 100 100 100 100 110 110 110 110 110 120 120 120 120 120 130 130 130 130 130 140 140 140 140 140 150 150 150 150 150 160 160 160 160 160 170 170 170 170 170 180 180 180 180 180 
180 180 180 180 180 190 190 190 190 190 0 0 0 0 0 10 10 10 10 10 20 20 20 20 20 30 30 30 30 30 40 40 40 40 40 50 50 50 50 50 60 60 60 60 60 70 70 70 70 70 80 80 80 80 80 90 90 90 90 90 100 100 100 100 100 110 110 110 110 110 120 120 120 120 120 130 130 130 130 130 140 140 140 140 140 150 150 150 150 150 160 160 160 160 160 170 170 170 170 170 
180 180 180 180 180 190 190 190 190 190 0 0 0 0 0 10 10 10 10 10 20 20 20 20 20 30 30 30 30 30 40 40 40 40 40 50 50 50 50 50 60 60 60 60 60 70 70 70 70 70 80 80 80 80 80 90 90 90 90 90 100 100 100 100 100 110 110 110 110 110 120 120 120 120 120 130 130 130 130 130 140 140 140 140 140 150 150 150 150 150 160 160 160 160 160 170 170 170 170 170 
180 180 180 180 180 190 190 190 190 190 0 0 0 0 0 10 10 10 10 10 20 20 20 20 20 30 30 30 30 30 40 40 40 40 40 50 50 50 50 50 60 60 60 60 60 70 70 70 70 70 80 80 80 80 80 90 90 90 90 90 100 100 100 100 100 110 110 110 110 110 120 120 120 120 120 130 130 130 130 130 140 140 140 140 140 150 150 150 150 150 160 160 160 160 160 170 170 170 170 170 
180 180 180 180 180 190 190 190 190 190 0 0 0 0 0 10 10 10 10 10 20 20 20 20 20 30 30 30 30 30 40 40 40 40 40 50 50 50 50 50 60 60 60 60 60 70 70 70 70 70 80 80 80 80 80 90 90 90 90 90 100 100 100 100 100 110 110 110 110 110 120 120 120 120 120 130 130 130 130 130 140 140 140 140 140 150 150 150 150 150 160 160 160 160 160 170 170 170 170 170 
180 180 180 180 180 190 190 190 190 190 0 0 0 0 0 10 10 10 10 10 20 20 20 20 20 30 30 30 30 30 40 40 40 40 40 50 50 50 50 50 60 60 60 60 60 70 70 70 70 70 80 80 80 80 80 90 90 90 90 90 100 100 100 100 100 110 110 110 110 110 120 120 120 120 120 130 130 130 130 130 140 140 140 140 140 150 150 150 150 150 160 160 160 160 160 170 170 170 170 170 
170 170 170 170 170 180 180 180 180 180 190 190 190 190 190 0 0 0 0 0 10 10 10 10 10 20 20 20 20 20 30 30 30 30 30 40 40 40 40 40 50 50 50 50 50 60 60 60 60 60 70 70 70 70 70 80 80 80 80 80 90 90 90 90 90 100 100 100 100 100 110 110 110 110 110 120 120 120 120 120 130 130 130 130 130 140 140 140 140 140 150 150 150 150 150 160 160 160 160 160 
170 170 170 170 170 180 180 180 180 180 190 190 190 190 190 0 0 0 0 0 10 10 10 10 10 20 20 20 20 20 30 30 30 30 30 40 40 40 40 40 50 50 50 50 50 60 60 60 60 60 70 70 70 70 70 80 80 80 80 80 90 90 90 90 90 100 100 100 100 100 110 110 110 110 110 120 120 120 120 120 130 130 130 130 130 140 140 140 140 140 150 150 150 150 150 160 160 160 160 160 
170 170 170 170 170 180 180 180 180 180 190 190 190 190 190 0 0 0 0 0 10 10 10 10 10 20 20 20 20 20 30 30 30 30 30 40 40 40 40 40 50 50 50 50 50 60 60 60 60 60 70 70 70 70 70 80 80 80 80 80 90 90 90 90 90 100 100 100 100 100 110 110 110 110 110 120 120 120 120 120 130 130 130 130 130 140 140 140 140 140 150 150 150 150 150 160 160 160 160 160 
170 170 170 170 170 180 180 180 180 180 190 190 190 190 190 0 0 0 0 0 10 10 10 10 10 20 20 20 20 20 30 30 30 30 30 40 40 40 40 40 50 50 50 50 50 60 60 60 60 60 70 70 70 70 70 80 80 80 80 80 90 90 90 90 90 100 100 100 100 100 110 110 110 110 110 120 120 120 120 120 130 130 130 130 130 140 140 140 140 140 150 150 150 150 150 160 160 160 160 160 
170 170 170 170 170 180 180 180 180 180 190 190 190 190 190 0 0 0 0 0 10 10 10 10 10 20 20 20 20 20 30 30 30 30 30 40 40 40 40 40 50 50 50 50 50 60 60 60 60 60 70 70 70 70 70 80 80 80 80 80 90 90 90 90 90 100 100 100 100 100 110 110 110 110 110 120 120 120 120 120 130 130 130 130 130 140 140 140 140 140 150 150 150 150 150 160 160 160 160 160 
160 160 160 160 160 170 170 170 170 170 180 180 180 180 180 190 190 190 190 190 0 0 0 0 0 10 10 10 10 10 20 20 20 20 20 30 30 30 30 30 40 40 40 40 40 50 50 50 50 50 60 60 60 60 60 70 70 70 70 70 80 80 80 80 80 90 90 90 90 90 100 100 100 100 100 110 110 110 110 110 120 120 120 120 120 130 130 130 130 130 140 140 140 140 140 150 150 150 150 150 
160 160 160 160 160 170 170 170 170 170 180 180 180 180 180 190 190 190 190 190 0 0 0 0 0 10 10 10 10 10 20 20 20 20 20 30 30 30 30 30 40 40 40 40 40 50 50 50 50 50 60 60 60 60 60 70 70 70 70 70 80 80 80 80 80 90 90 90 90 90 100 100 100 100 100 110 110 110 110 110 120 120 120 120 120 130 130 130 130 130 140 140 140 140 140 150 150 150 150 150 
160 160 160 160 160 170 170 170 170 170 180 180 180 180 180 190 190 190 190 190 0 0 0 0 0 10 10 10 10 10 20 20 20 20 20 30 30 30 30 30 40 40 40 40 40 50 50 50 50 50 60 60 60 60 60 70 70 70 70 70 80 80 80 80 80 90 90 90 90 90 100 100 100 100 100 110 110 110 110 110 120 120 120 120 120 130 130 130 130 130 140 140 140 140 140 150 150 150 150 150 
160 160 160 160 160 170 170 170 170 170 180 180 180 180 180 190 190 190 190 190 0 0 0 0 0 10 10 10 10 10 20 20 20 20 20 30 30 30 30 30 40 40 40 40 40 50 50 50 50 50 60 60 60 60 60 70 70 70 70 70 80 80 80 80 80 90 90 90 90 90 100 100 100 100 100 110 110 110 110 110 120 120 120 120 120 130 130 130 130 130 140 140 140 140 140 150 150 150 150 150 
160 160 160 160 160 170 170 170 170 170 180 180 180 180 180 190 190 190 190 190 0 0 0 0 0 10 10 10 10 10 20 20 20 20 20 30 30 30 30 30 40 40 40 40 40 50 50 50 50 50 60 60 60 60 60 70 70 70 70 70 80 80 80 80 80 90 90 90 90 90 100 100 100 100 100 110 110 110 110 110 120 120 120 120 120 130 130 130 130 130 140 140 140 140 140 150 150 150 150 150 
150 150 150 150 150 160 160 160 160 160 170 170 170 170 170 180 180 180 180 180 190 190 190 190 190 0 0 0 0 0 10 10 10 10 10 20 20 20 20 20 30 30 30 30 30 40 40 40 40 40 50 50 50 50 50 60 60 60 60 60 70 70 70 70 70 80 80 80 80 80 90 90 90 90 90 100 100 100 100 100 110 110 110 110 110 120 120 120 120 120 130 130 130 130 130 140 140 140 140 140 
150 150 150 150 150 160 160 160 160 160 170 170 170 170 170 180 180 180 180 180 190 190 190 190 190 0 0 0 0 0 10 10 10 10 10 20 20 20 20 20 30 30 30 30 30 40 40 40 40 40 50 50 50 50 50 60 60 60 60 60 70 70 70 70 70 80 80 80 80 80 90 90 90 90 90 100 100 100 100 100 110 110 110 110 110 120 120 120 120 120 130 130 130 130 130 140 140 140 140 140 
150 150 150 150 150 160 160 160 160 160 170 170 170 170 170 180 180 180 180 180 190 190 190 190 190 0 0 0 0 0 10 10 10 10 10 20 20 20 20 20 30 30 30 30 30 40 40 40 40 40 50 50 50 50 50 60 60 60 60 60 70 70 70 70 70 80 80 80 80 80 90 90 90 90 90 100 100 100 100 100 110 110 110 110 110 120 120 120 120 120 130 130 130 130 130 140 140 140 140 140 
150 150 150 150 150 160 160 160 160 160 170 170 170 170 170 180 180 180 180 180 190 190 190 190 190 0 0 0 0 0 10 10 10 10 10 20 20 20 20 20 30 30 30 30 30 40 40 40 40 40 50 50 50 50 50 60 60 60 60 60 70 70 70 70 70 80 80 80 80 80 90 90 90 90 90 100 100 100 100 100 110 110 110 110 110 120 120 120 120 120 130 130 130 130 130 140 140 140 140 140 
150 150 150 150 150 160 160 160 160 160 170 170 170 170 170 180 180 180 180 180 190 190 190 190 190 0 0 0 0 0 10 10 10 10 10 20 20 20 20 20 30 30 30 30 30 40 40 40 40 40 50 50 50 50 50 60 60 60 60 60 70 70 70 70 70 80 80 80 80 80 90 90 90 90 90 100 100 100 100 100 110 110 110 110 110 120 120 120 120 120 130 130 130 130 130 140 140 140 140 140 
140 140 140 140 140 150 150 150 150 150 160 160 160 160 160 170 170 170 170 170 180 180 180 180 180 190 190 190 190 190 0 0 0 0 0 10 10 10 10 10 20 20 20 20 20 30 30 30 30 30 40 40 40 40 40 50 50 50 50 50 60 60 60 60 60 70 70 70 70 70 80 80 80 80 80 90 90 90 90 90 100 100 100 100 100 110 110 110 110 110 120 120 120 120 120 130 130 130 130 130 
140 140 140 140 140 150 150 150 150 150 160 160 160 160 160 170 170 170 170 170 180 180 180 180 180 190 190 190 190 190 0 0 0 0 0 10 10 10 10 10 20 20 20 20 20 30 30 30 30 30 40 40 40 40 40 50 50 50 50 50 60 60 60 60 60 70 70 70 70 70 80 80 80 80 80 90 90 90 90 90 100 100 100 100 100 110 110 110 110 110 120 120 120 120 120 130 130 130 130 130 
140 140 140 140 140 150 150 150 150 150 160 160 160 160 160 170 170 170 170 170 180 180 180 180 180 190 190 190 190 190 0 0 0 0 0 10 10 10 10 10 20 20 20 20 20 30 30 30 30 30 40 40 40 40 40 50 50 50 50 50 60 60 60 60 60 70 70 70 70 70 80 80 80 80 80 90 90 90 90 90 100 100 100 100 100 110 110 110 110 110 120 120 120 120 120 130 130 130 130 130 
140 140 140 140 140 150 150 150 150 150 160 160 160 160 160 170 170 170 170 170 180 180 180 180 180 190 190 190 190 190 0 0 0 0 0 10 10 10 10 10 20 20 20 20 20 30 30 30 30 30 40 40 40 40 40 50 50 50 50 50 60 60 60 60 60 70 70 70 70 70 80 80 80 80 80 90 90 90 90 90 100 100 100 100 100 110 110 110 110 110 120 120 120 120 120 130 130 130 130 130 
140 140 140 140 140 150 150 150 150 150 160 160 160 160 160 170 170 170 170 170 180 180 180 180 180 190 190 190 190 190 0 0 0 0 0 10 10 10 10 10 20 20 20 20 20 30 30 30 30 30 40 40 40 40 40 50 50 50 50 50 60 60 60 60 60 70 70 70 70 70 80 80 80 80 80 90 90 90 90 90 100 100 100 100 100 110 110 110 110 110 120 120 120 120 120 130 130 130 130 130 
130 130 130 130 130 140 140 140 140 140 150 150 150 150 150 160 160 160 160 160 170 170 170 170 170 180 180 180 180 180 190 190 190 190 190 0 0 0 0 0 10 10 10 10 10 20 20 20 20 20 30 30 30 30 30 40 40 40 40 40 50 50 50 50 50 60 60 60 60 60 70 70 70 70 70 80 80 80 80 80 90 90 90 90 90 100 100 100 100 100 110 110 110 110 110 120 120 120 120 120 
130 130 130 130 130 140 140 140 140 140 150 150 150 150 150 160 160 160 160 160 170 170 170 170 170 180 180 180 180 180 190 190 190 190 190 0 0 0 0 0 10 10 10 10 10 20 20 20 20 20 30 30 30 30 30 40 40 40 40 40 50 50 50 50 50 60 60 60 60 60 70 70 70 70 70 80 80 80 80 80 90 90 90 90 90 100 100 100 100 100 110 110 110 110 110 120 120 120 120 120 
130 130 130 130 130 140 140 140 140 140 150 150 150 150 150 160 160 160 160 160 170 170 170 170 170 180 180 180 180 180 190 190 190 190 190 0 0 0 0 0 10 10 10 10 10 20 20 20 20 20 30 30 30 30 30 40 40 40 40 40 50 50 50 50 50 60 60 60 60 60 70 70 70 70 70 80 80 80 80 80 90 90 90 90 90 100 100 100 100 100 110 110 110 110 110 120 120 120 120 120 
130 130 130 130 130 140 140 140 140 140 150 150 150 150 150 160 160 160 160 160 170 170 170 170 170 180 180 180 180 180 190 190 190 190 190 0 0 0 0 0 10 10 10 10 10 20 20 20 20 20 30 30 30 30 30 40 40 40 40 40 50 50 50 50 50 60 60 60 60 60 70 70 70 70 70 80 80 80 80 80 90 90 90 90 90 100 100 100 100 100 110 110 110 110 110 120 120 120 120 120 
130 130 130 130 130 140 140 140 140 140 150 150 150 150 150 160 160 160 160 160 170 170 170 170 170 180 180 180 180 180 190 190 190 190 190 0 0 0 0 0 10 10 10 10 10 20 20 20 20 20 30 30 30 30 30 40 40 40 40 40 50 50 50 50 50 60 60 60 60 60 70 70 70 70 70 80 80 80 80 80 90 90 90 90 90 100 100 100 100 100 110 110 110 110 110 120 120 120 120 120 
120 120 120 120 120 130 130 130 130 130 140 140 140 140 140 150 150 150 150 150 160 160 160 160 160 170 170 170 170 170 180 180 180 180 180 190 190 190 190 190 0 0 0 0 0 10 10 10 10 10 20 20 20 20 20 30 30 30 30 30 40 40 40 40 40 50 50 50 50 50 60 60 60 60 60 70 70 70 70 70 80 80 80 80 80 90 90 90 90 90 100 100 100 100 100 110 110 110 110 110 
120 120 120 120 120 130 130 130 130 130 140 140 140 140 140 150 150 150 150 150 160 160 160 160 160 170 170 170 170 170 180 180 180 180 180 190 190 190 190 190 0 0 0 0 0 10 10 10 10 10 20 20 20 20 20 30 30 30 30 30 40 40 40 40 40 50 50 50 50 50 60 60 60 60 60 70 70 70 70 70 80 80 80 80 80 90 90 90 90 90 100 100 100 100 100 110 110 110 110 110 
120 120 120 120 120 130 130 130 130 130 140 140 140 140 140 150 150 150 150 150 160 160 160 160 160 170 170 170 170 170 180 180 180 180 180 190 190 190 190 190 0 0 0 0 0 10 10 10 10 10 20 20 20 20 20 30 30 30 30 30 40 40 40 40 40 50 50 50 50 50 60 60 60 60 60 70 70 70 70 70 80 80 80 80 80 90 90 90 90 90 100 100 100 100 100 110 110 110 110 110 
120 120 120 120 120 130 130 130 130 130 140 140 140 140 140 150 150 150 150 150 160 160 160 160 160 170 170 170 170 170 180 180 180 180 180 190 190 190 190 190 0 0 0 0 0 10 10 10 10 10 20 20 20 20 20 30 30 30 30 30 40 40 40 40 40 50 50 50 50 50 60 60 60 60 60 70 70 70 70 70 80 80 80 80 80 90 90 90 90 90 100 100 100 100 100 110 110 110 110 110 
120 120 120 120 120 130 130 130 130 130 140 140 140 140 140 150 150 150 150 150 160 160 160 160 160 170 170 170 170 170 180 180 180 180 180 190 190 190 190 190 0 0 0 0 0 10 10 10 10 10 20 20 20 20 20 30 30 30 30 30 40 40 40 40 40 50 50 50 50 50 60 60 60 60 60 70 70 70 70 70 80 80 80 80 80 90 90 90 90 90 100 100 100 100 100 110 110 110 110 110 
110 110 110 110 110 120 120 120 120 120 130 130 130 130 130 140 140 140 140 140 150 150 150 150 150 160 160 160 160 160 170 170 170 170 170 180 180 180 180 180 190 190 190 190 190 0 0 0 0 0 10 10 10 10 10 20 20 20 20 20 30 30 30 30 30 40 40 40 40 40 50 50 50 50 50 60 60 60 60 60 70 70 70 70 70 80 80 80 80 80 90 90 90 90 90 100 100 100 100 100 
110 110 110 110 110 120 120 120 120 120 130 130 130 130 130 140 140 140 140 140 150 150 150 150 150 160 160 160 160 160 170 170 170 170 170 180 180 180 180 180 190 190 190 190 190 0 0 0 0 0 10 10 10 10 10 20 20 20 20 20 30 30 30 30 30 40 40 40 40 40 50 50 50 50 50 60 60 60 60 60 70 70 70 70 70 80 80 80 80 80 90 90 90 90 90 100 100 100 100 100 
110 110 110 110 110 120 120 120 120 120 130 130 130 130 130 140 140 140 140 140 150 150 150 150 150 160 160 160 160 160 170 170 170 170 170 180 180 180 180 180 190 190 190 190 190 0 0 0 0 0 10 10 10 10 10 20 20 20 20 20 30 30 30 30 30 40 40 40 40 40 50 50 50 50 50 60 60 60 60 60 70 70 70 70 70 80 80 80 80 80 90 90 90 90 90 100 100 100 100 100 
110 110 110 110 110 120 120 120 120 120 130 130 130 130 130 140 140 140 140 140 150 150 150 150 150 160 160 160 160 160 170 170 170 170 170 180 180 180 180 180 190 190 190 190 190 0 0 0 0 0 10 10 10 10 10 20 20 20 20 20 30 30 30 30 30 40 40 40 40 40 50 50 50 50 50 60 60 60 60 60 70 70 70 70 70 80 80 80 80 80 90 90 90 90 90 100 100 100 100 100 
110 110 110 110 110 120 120 120 120 120 130 130 130 130 130 140 140 140 140 140 150 150 150 150 150 160 160 160 160 160 170 170 170 170 170 180 180 180 180 180 190 190 190 190 190 0 0 0 0 0 10 10 10 10 10 20 20 20 20 20 30 30 30 30 30 40 40 40 40 40 50 50 50 50 50 60 60 60 60 60 70 70 70 70 70 80 80 80 80 80 90 90 90 90 90 100 100 100 100 100 
100 100 100 100 100 110 110 110 110 110 120 120 120 120 120 130 130 130 130 130 140 140 140 140 140 150 150 150 150 150 160 160 160 160 160 170 170 170 170 170 180 180 180 180 180 190 190 190 190 190 0 0 0 0 0 10 10 10 10 10 20 20 20 20 20 30 30 30 30 30 40 40 40 40 40 50 50 50 50 50 60 60 60 60 60 70 70 70 70 70 80 80 80 80 80 90 90 90 90 90 
100 100 100 100 100 110 110 110 110 110 120 120 120 120 120 130 130 130 130 130 140 140 140 140 140 150 150 150 150 150 160 160 160 160 160 170 170 170 170 170 180 180 180 180 180 190 190 190 190 190 0 0 0 0 0 10 10 10 10 10 20 20 20 20 20 30 30 30 30 30 40 40 40 40 40 50 50 50 50 50 60 60 60 60 60 70 70 70 70 70 80 80 80 80 80 90 90 90 90 90 
100 100 100 100 100 110 110 110 110 110 120 120 120 120 120 130 130 130 130 130 140 140 140 140 140 150 150 150 150 150 160 160 160 160 160 170 170 170 170 170 180 180 180 180 180 190 190 190 190 190 0 0 0 0 0 10 10 10 10 10 20 20 20 20 20 30 30 30 30 30 40 40 40 40 40 50 50 50 50 50 60 60 60 60 60 70 70 70 70 70 80 80 80 80 80 90 90 90 90 90 
100 100 100 100 100 110 110 110 110 110 120 120 120 120 120 130 130 130 130 130 140 140 140 140 140 150 150 150 150 150 160 160 160 160 160 170 170 170 170 170 180 180 180 180 180 190 190 190 190 190 0 0 0 0 0 10 10 10 10 10 20 20 20 20 20 30 30 30 30 30 40 40 40 40 40 50 50 50 50 50 60 60 60 60 60 70 70 70 70 70 80 80 80 80 80 90 90 90 90 90 
100 100 100 100 100 110 110 110 110 110 120 120 120 120 120 130 130 130 130 130 140 140 140 140 140 150 150 150 150 150 160 160 160 160 160 170 170 170 170 170 180 180 180 180 180 190 190 190 190 190 0 0 0 0 0 10 10 10 10 10 20 20 20 20 20 30 30 30 30 30 40 40 40 40 40 50 50 50 50 50 60 60 60 60 60 70 70 70 70 70 80 80 80 80 80 90 90 90 90 90 
90 90 90 90 90 100 100 100 100 100 110 110 110 110 110 120 120 120 120 120 130 130 130 130 130 140 140 140 140 140 150 150 150 150 150 160 160 160 160 160 170 170 170 170 170 180 180 180 180 180 190 190 190 190 190 0 0 0 0 0 10 10 10 10 10 20 20 20 20 20 30 30 30 30 30 40 40 40 40 40 50 50 50 50 50 60 60 60 60 60 70 70 70 70 70 80 80 80 80 80 
90 90 90 90 90 100 100 100 100 100 110 110 110 110 110 120 120 120 120 120 130 130 130 130 130 140 140 140 140 140 150 150 150 150 150 160 160 160 160 160 170 170 170 170 170 180 180 180 180 180 190 190 190 190 190 0 0 0 0 0 10 10 10 10 10 20 20 20 20 20 30 30 30 30 30 40 40 40 40 40 50 50 50 50 50 60 60 60 60 60 70 70 70 70 70 80 80 80 80 80 
90 90 90 90 90 100 100 100 100 100 110 110 110 110 110 120 120 120 120 120 130 130 130 130 130 140 140 140 140 140 150 150 150 150 150 160 160 160 160 160 170 170 170 170 170 180 180 180 180 180 190 190 190 190 190 0 0 0 0 0 10 10 10 10 10 20 20 20 20 20 30 30 30 30 30 40 40 40 40 40 50 50 50 50 50 60 60 60 60 60 70 70 70 70 70 80 80 80 80 80 
90 90 90 90 90 100 100 100 100 100 110 110 110 110 110 120 120 120 120 120 130 130 130 130 130 140 140 140 140 140 150 150 150 150 150 160 160 160 160 160 170 170 170 170 170 180 180 180 180 180 190 190 190 190 190 0 0 0 0 0 10 10 10 10 10 20 20 20 20 20 30 30 30 30 30 40 40 40 40 40 50 50 50 50 50 60 60 60 60 60 70 70 70 70 70 80 80 80 80 80 
90 90 90 90 90 100 100 100 100 100 110 110 110 110 110 120 120 120 120 120 130 130 130 130 130 140 140 140 140 140 150 150 150 150 150 160 160 160 160 160 170 170 170 170 170 180 180 180 180 180 190 190 190 190 190 0 0 0 0 0 10 10 10 10 10 20 20 20 20 20 30 30 30 30 30 40 40 40 40 40 50 50 50 50 50 60 60 60 60 60 70 70 70 70 70 80 80 80 80 80 
80 80 80 80 80 90 90 90 90 90 100 100 100 100 100 110 110 110 110 110 120 120 120 120 120 130 130 130 130 130 140 140 140 140 140 150 150 150 150 150 160 160 160 160 160 170 170 170 170 170 180 180 180 180 180 190 190 190 190 190 0 0 0 0 0 10 10 10 10 10 20 20 20 20 20 30 30 30 30 30 40 40 40 40 40 50 50 50 50 50 60 60 60 60 60 70 70 70 70 70 
80 80 80 80 80 90 90 90 90 90 100 100 100 100 100 110 110 110 110 110 120 120 120 120 120 130 130 130 130 130 140 140 140 140 140 150 150 150 150 150 160 160 160 160 160 170 170 170 170 170 180 180 180 180 180 190 190 190 190 190 0 0 0 0 0 10 10 10 10 10 20 20 20 20 20 30 30 30 30 30 40 40 40 40 40 50 50 50 50 50 60 60 60 60 60 70 70 70 70 70 
80 80 80 80 80 90 90 90 90 90 100 100 100 100 100 110 110 110 110 110 120 120 120 120 120 130 130 130 130 130 140 140 140 140 140 150 150 150 150 150 160 160 160 160 160 170 170 170 170 170 180 180 180 180 180 190 190 190 190 190 0 0 0 0 0 10 10 10 10 10 20 20 20 20 20 30 30 30 30 30 40 40 40 40 40 50 50 50 50 50 60 60 60 60 60 70 70 70 70 70 
80 80 80 80 80 90 90 90 90 90 100 100 100 100 100 110 110 110 110 110 120 120 120 120 120 130 130 130 130 130 140 140 140 140 140 150 150 150 150 150 160 160 160 160 160 170 170 170 170 170 180 180 180 180 180 190 190 190 190 190 0 0 0 0 0 10 10 10 10 10 20 20 20 20 20 30 30 30 30 30 40 40 40 40 40 50 50 50 50 50 60 60 60 60 60 70 70 70 70 70 
80 80 80 80 80 90 90 90 90 90 100 100 100 100 100 110 110 110 110 110 120 120 120 120 120 130 130 130 130 130 140 140 140 140 140 150 150 150 150 150 160 160 160 160 160 170 170 170 170 170 180 180 180 180 180 190 190 190 190 190 0 0 0 0 0 10 10 10 10 10 20 20 20 20 20 30 30 30 30 30 40 40 40 40 40 50 50 50 50 50 60 60 60 60 60 70 70 70 70 70 
70 70 70 70 70 80 80 80 80 80 90 90 90 90 90 100 100 100 100 100 110 110 110 110 110 120 120 120 120 120 130 130 130 130 130 140 140 140 140 140 150 150 150 150 150 160 160 160 160 160 170 170 170 170 170 180 180 180 180 180 190 190 190 190 190 0 0 0 0 0 10 10 10 10 10 20 20 20 20 20 30 30 30 30 30 40 40 40 40 40 50 50 50 50 50 60 60 60 60 60 
70 70 70 70 70 80 80 80 80 80 90 90 90 90 90 100 100 100 100 100 110 110 110 110 110 120 120 120 120 120 130 130 130 130 130 140 140 140 140 140 150 150 150 150 150 160 160 160 160 160 170 170 170 170 170 180 180 180 180 180 190 190 190 190 190 0 0 0 0 0 10 10 10 10 10 20 20 20 20 20 30 30 30 30 30 40 40 40 40 40 50 50 50 50 50 60 60 60 60 60 
70 70 70 70 70 80 80 80 80 80 90 90 90 90 90 100 100 100 100 100 110 110 110 110 110 120 120 120 120 120 130 130 130 130 130 140 140 140 140 140 150 150 150 150 150 160 160 160 160 160 170 170 170 170 170 180 180 180 180 180 190 190 190 190 190 0 0 0 0 0 10 10 10 10 10 20 20 20 20 20 30 30 30 30 30 40 40 40 40 40 50 50 50 50 50 60 60 60 60 60 
70 70 70 70 70 80 80 80 80 80 90 90 90 90 90 100 100 100 100 100 110 110 110 110 110 120 120 120 120 120 130 130 130 130 130 140 140 140 140 140 150 150 150 150 150 160 160 160 160 160 170 170 170 170 170 180 180 180 180 180 190 190 190 190 190 0 0 0 0 0 10 10 10 10 10 20 20 20 20 20 30 30 30 30 30 40 40 40 40 40 50 50 50 50 50 60 60 60 60 60 
70 70 70 70 70 80 80 80 80 80 90 90 90 90 90 100 100 100 100 100 110 110 110 110 110 120 120 120 120 120 130 130 130 130 130 140 140 140 140 140 150 150 150 150 150 160 160 160 160 160 170 170 170 170 170 180 180 180 180 180 190 190 190 190 190 0 0 0 0 0 10 10 10 10 10 20 20 20 20 20 30 30 30 30 30 40 40 40 40 40 50 50 50 50 50 60 60 60 60 60 
60 60 60 60 60 70 70 70 70 70 80 80 80 80 80 90 90 90 90 90 100 100 100 100 100 110 110 110 110 110 120 120 120 120 120 130 130 130 130 130 140 140 140 140 140 150 150 150 150 150 160 160 160 160 160 170 170 170 170 170 180 180 180 180 180 190 190 190 190 190 0 0 0 0 0 10 10 10 10 10 20 20 20 20 20 30 30 30 30 30 40 40 40 40 40 50 50 50 50 50 
60 60 60 60 60 70 70 70 70 70 80 80 80 80 80 90 90 90 90 90 100 100 100 100 100 110 110 110 110 110 120 120 120 120 120 130 130 130 130 130 140 140 140 140 140 150 150 150 150 150 160 160 160 160 160 170 170 170 170 170 180 180 180 180 180 190 190 190 190 190 0 0 0 0 0 10 10 10 10 10 20 20 20 20 20 30 30 30 30 30 40 40 40 40 40 50 50 50 50 50 
60 60 60 60 60 70 70 70 70 70 80 80 80 80 80 90 90 90 90 90 100 100 100 100 100 110 110 110 110 110 120 120 120 120 120 130 130 130 130 130 140 140 140 140 140 150 150 150 150 150 160 160 160 160 160 170 170 170 170 170 180 180 180 180 180 190 190 190 190 190 0 0 0 0 0 10 10 10 10 10 20 20 20 20 20 30 30 30 30 30 40 40 40 40 40 50 50 50 50 50 
60 60 60 60 60 70 70 70 70 70 80 80 80 80 80 90 90 90 90 90 100 100 100 100 100 110 110 110 110 110 120 120 120 120 120 130 130 130 130 130 140 140 140 140 140 150 150 150 150 150 160 160 160 160 160 170 170 170 170 170 180 180 180 180 180 190 190 190 190 190 0 0 0 0 0 10 10 10 10 10 20 20 20 20 20 30 30 30 30 30 40 40 40 40 40 50 50 50 50 50 
60 60 60 60 60 70 70 70 70 70 80 80 80 80 80 90 90 90 90 90 100 100 100 100 100 110 110 110 110 110 120 120 120 120 120 130 130 130 130 130 140 140 140 140 140 150 150 150 150 150 160 160 160 160 160 170 170 170 170 170 180 180 180 180 180 190 190 190 190 190 0 0 0 0 0 10 10 10 10 10 20 20 20 20 20 30 30 30 30 30 40 40 40 40 40 50 50 50 50 50 
50 50 50 50 50 60 60 60 60 60 70 70 70 70 70 80 80 80 80 80 90 90 90 90 90 100 100 100 100 100 110 110 110 110 110 120 120 120 120 120 130 130 130 130 130 140 140 140 140 140 150 150 150 150 150 160 160 160 160 160 170 170 170 170 170 180 180 180 180 180 190 190 190 190 190 0 0 0 0 0 10 10 10 10 10 20 20 20 20 20 30 30 30 30 30 40 40 40 40 40 
50 50 50 50 50 60 60 60 60 60 70 70 70 70 70 80 80 80 80 80 90 90 90 90 90 100 100 100 100 100 110 110 110 110 110 120 120 120 120 120 130 130 130 130 130 140 140 140 140 140 150 150 150 150 150 160 160 160 160 160 170 170 170 170 170 180 180 180 180 180 190 190 190 190 190 0 0 0 0 0 10 10 10 10 10 20 20 20 20 20 30 30 30 30 30 40 40 40 40 40 
50 50 50 50 50 60 60 60 60 60 70 70 70 70 70 80 80 80 80 80 90 90 90 90 90 100 100 100 100 100 110 110 110 110 110 120 120 120 120 120 130 130 130 130 130 140 140 140 140 140 150 150 150 150 150 160 160 160 160 160 170 170 170 170 170 180 180 180 180 180 190 190 190 190 190 0 0 0 0 0 10 10 10 10 10 20 20 20 20 20 30 30 30 30 30 40 40 40 40 40 
50 50 50 50 50 60 60 60 60 60 70 70 70 70 70 80 80 80 80 80 90 90 90 90 90 100 100 100 100 100 110 110 110 110 110 120 120 120 120 120 130 130 130 130 130 140 140 140 140 140 150 150 150 150 150 160 160 160 160 160 170 170 170 170 170 180 180 180 180 180 190 190 190 190 190 0 0 0 0 0 10 10 10 10 10 20 20 20 20 20 30 30 30 30 30 40 40 40 40 40 
50 50 50 50 50 60 60 60 60 60 70 70 70 70 70 80 80 80 80 80 90 90 90 90 90 100 100 100 100 100 110 110 110 110 110 120 120 120 120 120 130 130 130 130 130 140 140 140 140 140 150 150 150 150 150 160 160 160 160 160 170 170 170 170 170 180 180 180 180 180 190 190 190 190 190 0 0 0 0 0 10 10 10 10 10 20 20 20 20 20 30 30 30 30 30 40 40 40 40 40 
40 40 40 40 40 50 50 50 50 50 60 60 60 60 60 70 70 70 70 70 80 80 80 80 80 90 90 90 90 90 100 100 100 100 100 110 110 110 110 110 120 120 120 120 120 130 130 130 130 130 140 140 140 140 140 150 150 150 150 150 160 160 160 160 160 170 170 170 170 170 180 180 180 180 180 190 190 190 190 190 0 0 0 0 0 10 10 10 10 10 20 20 20 20 20 30 30 30 30 30 
40 40 40 40 40 50 50 50 50 50 60 60 60 60 60 70 70 70 70 70 80 80 80 80 80 90 90 90 90 90 100 100 100 100 100 110 110 110 110 110 120 120 120 120 120 130 130 130 130 130 140 140 140 140 140 150 150 150 150 150 160 160 160 160 160 170 170 170 170 170 180 180 180 180 180 190 190 190 190 190 0 0 0 0 0 10 10 10 10 10 20 20 20 20 20 30 30 30 30 30 
40 40 40 40 40 50 50 50 50 50 60 60 60 60 60 70 70 70 70 70 80 80 80 80 80 90 90 90 90 90 100 100 100 100 100 110 110 110 110 110 120 120 120 120 120 130 130 130 130 130 140 140 140 140 140 150 150 150 150 150 160 160 160 160 160 170 170 170 170 170 180 180 180 180 180 190 190 190 190 190 0 0 0 0 0 10 10 10 10 10 20 20 20 20 20 30 30 30 30 30 
40 40 40 40 40 50 50 50 50 50 60 60 60 60 60 70 70 70 70 70 80 80 80 80 80 90 90 90 90 90 100 100 100 100 100 110 110 110 110 110 120 120 120 120 120 130 130 130 130 130 140 140 140 140 140 150 150 150 150 150 160 160 160 160 160 170 170 170 170 170 180 180 180 180 180 190 190 190 190 190 0 0 0 0 0 10 10 10 10 10 20 20 20 20 20 30 30 30 30 30 
40 40 40 40 40 50 50 50 50 50 60 60 60 60 60 70 70 70 70 70 80 80 80 80 80 90 90 90 90 90 100 100 100 100 100 110 110 110 110 110 120 120 120 120 120 130 130 130 130 130 140 140 140 140 140 150 150 150 150 150 160 160 160 160 160 170 170 170 170 170 180 180 180 180 180 190 190 190 190 190 0 0 0 0 0 10 10 10 10 10 20 20 20 20 20 30 30 30 30 30 
30 30 30 30 30 40 40 40 40 40 50 50 50 50 50 60 60 60 60 60 70 70 70 70 70 80 80 80 80 80 90 90 90 90 90 100 100 100 100 100 110 110 110 110 110 120 120 120 120 120 130 130 130 130 130 140 140 140 140 140 150 150 150 150 150 160 160 160 160 160 170 170 170 170 170 180 180 180 180 180 190 190 190 190 190 0 0 0 0 0 10 10 10 10 10 20 20 20 20 20 
30 30 30 30 30 40 40 40 40 40 50 50 50 50 50 60 60 60 60 60 70 70 70 70 70 80 80 80 80 80 90 90 90 90 90 100 100 100 100 100 110 110 110 110 110 120 120 120 120 120 130 130 130 130 130 140 140 140 140 140 150 150 150 150 150 160 160 160 160 160 170 170 170 170 170 180 180 180 180 180 190 190 190 190 190 0 0 0 0 0 10 10 10 10 10 20 20 20 20 20 
30 30 30 30 30 40 40 40 40 40 50 50 50 50 50 60 60 60 60 60 70 70 70 70 70 80 80 80 80 80 90 90 90 90 90 100 100 100 100 100 110 110 110 110 110 120 120 120 120 120 130 130 130 130 130 140 140 140 140 140 150 150 150 150 150 160 160 160 160 160 170 170 170 170 170 180 180 180 180 180 190 190 190 190 190 0 0 0 0 0 10 10 10 10 10 20 20 20 20 20 
30 30 30 30 30 40 40 40 40 40 50 50 50 50 50 60 60 60 60 60 70 70 70 70 70 80 80 80 80 80 90 90 90 90 90 100 100 100 100 100 110 110 110 110 110 120 120 120 120 120 130 130 130 130 130 140 140 140 140 140 150 150 150 150 150 160 160 160 160 160 170 170 170 170 170 180 180 180 180 180 190 190 190 190 190 0 0 0 0 0 10 10 10 10 10 20 20 20 20 20 
30 30 30 30 30 40 40 40 40 40 50 50 50 50 50 60 60 60 60 60 70 70 70 70 70 80 80 80 80 80 90 90 90 90 90 100 100 100 100 100 110 110 110 110 110 120 120 120 120 120 130 130 130 130 130 140 140 140 140 140 150 150 150 150 150 160 160 160 160 160 170 170 170 170 170 180 180 180 180 180 190 190 190 190 190 0 0 0 0 0 10 10 10 10 10 20 20 20 20 20 
20 20 20 20 20 30 30 30 30 30 40 40 40 40 40 50 50 50 50 50 60 60 60 60 60 70 70 70 70 70 80 80 80 80 80 90 90 90 90 90 100 100 100 100 100 110 110 110 110 110 120 120 120 120 120 130 130 130 130 130 140 140 140 140 140 150 150 150 150 150 160 160 160 160 160 170 170 170 170 170 180 180 180 180 180 190 190 190 190 190 0 0 0 0 0 10 10 10 10 10 
20 20 20 20 20 30 30 30 30 30 40 40 40 40 40 50 50 50 50 50 60 60 60 60 60 70 70 70 70 70 80 80 80 80 80 90 90 90 90 90 100 100 100 100 100 110 110 110 110 110 120 120 120 120 120 130 130 130 130 130 140 140 140 140 140 150 150 150 150 150 160 160 160 160 160 170 170 170 170 170 180 180 180 180 180 190 190 190 190 190 0 0 0 0 0 10 10 10 10 10 
20 20 20 20 20 30 30 30 30 30 40 40 40 40 40 50 50 50 50 50 60 60 60 60 60 70 70 70 70 70 80 80 80 80 80 90 90 90 90 90 100 100 100 100 100 110 110 110 110 110 120 120 120 120 120 130 130 130 130 130 140 140 140 140 140 150 150 150 150 150 160 160 160 160 160 170 170 170 170 170 180 180 180 180 180 190 190 190 190 190 0 0 0 0 0 10 10 10 10 10 
20 20 20 20 20 30 30 30 30 30 40 40 40 40 40 50 50 50 50 50 60 60 60 60 60 70 70 70 70 70 80 80 80 80 80 90 90 90 90 90 100 100 100 100 100 110 110 110 110 110 120 120 120 120 120 130 130 130 130 130 140 140 140 140 140 150 150 150 150 150 160 160 160 160 160 170 170 170 170 170 180 180 180 180 180 190 190 190 190 190 0 0 0 0 0 10 10 10 10 10 
20 20 20 20 20 30 30 30 30 30 40 40 40 40 40 50 50 50 50 50 60 60 60 60 60 70 70 70 70 70 80 80 80 80 80 90 90 90 90 90 100 100 100 100 100 110 110 110 110 110 120 120 120 120 120 130 130 130 130 130 140 140 140 140 140 150 150 150 150 150 160 160 160 160 160 170 170 170 170 170 180 180 180 180 180 190 190 190 190 190 0 0 0 0 0 10 10 10 10 10 
10 10 10 10 10 20 20 20 20 20 30 30 30 30 30 40 40 40 40 40 50 50 50 50 50 60 60 60 60 60 70 70 70 70 70 80 80 80 80 80 90 90 90 90 90 100 100 100 100 100 110 110 110 110 110 120 120 120 120 120 130 130 130 130 130 140 140 140 140 140 150 150 150 150 150 160 160 160 160 160 170 170 170 170 170 180 180 180 180 180 190 190 190 190 190 0 0 0 0 0 
10 10 10 10 10 20 20 20 20 20 30 30 30 30 30 40 40 40 40 40 50 50 50 50 50 60 60 60 60 60 70 70 70 70 70 80 80 80 80 80 90 90 90 90 90 100 100 100 100 100 110 110 110 110 110 120 120 120 120 120 130 130 130 130 130 140 140 140 140 140 150 150 150 150 150 160 160 160 160 160 170 170 170 170 170 180 180 180 180 180 190 190 190 190 190 0 0 0 0 0 
10 10 10 10 10 20 20 20 20 20 30 30 30 30 30 40 40 40 40 40 50 50 50 50 50 60 60 60 60 60 70 70 70 70 70 80 80 80 80 80 90 90 90 90 90 100 100 100 100 100 110 110 110 110 110 120 120 120 120 120 130 130 130 130 130 140 140 140 140 140 150 150 150 150 150 160 160 160 160 160 170 170 170 170 170 180 180 180 180 180 190 190 190 190 190 0 0 0 0 0 
10 10 10 10 10 20 20 20 20 20 30 30 30 30 30 40 40 40 40 40 50 50 50 50 50 60 60 60 60 60 70 70 70 70 70 80 80 80 80 80 90 90 90 90 90 100 100 100 100 100 110 110 110 110 110 120 120 120 120 120 130 130 130 130 130 140 140 140 140 140 150 150 150 150 150 160 160 160 160 160 170 170 170 170 170 180 180 180 180 180 190 190 190 190 190 0 0 0 0 0 
10 10 10 10 10 20 20 20 20 20 30 30 30 30 30 40 40 40 40 40 50 50 50 50 50 60 60 60 60 60 70 70 70 70 70 80 80 80 80 80 90 90 90 90 90 100 100 100 100 100 110 110 110 110 110 120 120 120 120 120 130 130 130 130 130 140 140 140 140 140 150 150 150 150 150 160 160 160 160 160 170 170 170 170 170 180 180 180 180 180 190 190 190 190 190 0 0 0 0 0 

$transfer (resp. load/unload) time from (j-1)-th to j-th operation of job i; first of line is loading time, last of line is unloading time (for blocking job shop)
 11 18  2 20 10  6
 20 15 10 18  6 19
  6 19 14 12  4 12
  2  9  3  1 20  8
 17  2 19 13 16  4
  2  3 20  4 20 20
 12  8 13 14 18 13
 17 14  4  9  3 12
  5 13 19  7  2  2
 15 14  1 13 10 11
 12  7  6  7 18  6
 19  6  7 10 20  8
 12 10 10 16 12  7
 19  1  5  9 17  3
 15  3 15 15  3  2
  3 20  2  5  1  7
  7  4  3 18  7 12
 17 10 12  1 14 11
  4  7  7  7  6 18
 12  5  8  1 13 19

$time gaps between two consecutive operations of same job, can be negative,(one line for each job, #ofOpsOfThatJob-1 entries in one line) (for no-wait job shop)
0 0 0 0 
0 0 0 0 
0 0 0 0 
0 0 0 0 
0 0 0 0 
0 0 0 0 
0 0 0 0 
0 0 0 0 
0 0 0 0 
0 0 0 0 
0 0 0 0 
0 0 0 0 
0 0 0 0 
0 0 0 0 
0 0 0 0 
0 0 0 0 
0 0 0 0 
0 0 0 0 
0 0 0 0 
0 0 0 0 
