$instance la16
$Lawrence 10x10 instance (Table 6, instance 1); also called (seta1) or (A1)
10 10
1 21 6 71 9 16 8 52 7 26 2 34 0 53 4 21 3 55 5 95 
4 55 2 31 5 98 9 79 0 12 7 66 1 42 8 77 6 77 3 39 
3 34 2 64 8 62 1 19 4 92 9 79 7 43 6 54 0 83 5 37 
1 87 3 69 2 87 7 38 8 24 9 83 6 41 0 93 5 77 4 60 
2 98 0 44 5 25 6 75 7 43 1 49 4 96 9 77 3 17 8 79 
2 35 3 76 5 28 9 10 4 61 6 9 0 95 8 35 1 7 7 95 
3 16 2 59 0 46 1 91 9 43 8 50 6 52 5 59 4 28 7 27 
1 45 0 87 3 41 4 20 6 54 9 43 8 14 5 9 2 39 7 71 
4 33 2 37 8 66 5 33 3 26 7 8 1 28 6 89 9 42 0 78 
8 69 9 81 2 94 4 96 3 27 0 69 7 45 6 78 1 74 5 84 

$initial setup times (for each operation) 
10 10 10 10 10 10 10 10 10 10 20 20 20 20 20 20 20 20 20 20 30 30 30 30 30 30 30 30 30 30 40 40 40 40 40 40 40 40 40 40 50 50 50 50 50 50 50 50 50 50 60 60 60 60 60 60 60 60 60 60 70 70 70 70 70 70 70 70 70 70 80 80 80 80 80 80 80 80 80 80 90 90 90 90 90 90 90 90 90 90 100 100 100 100 100 100 100 100 100 100 

$final setup times (for each operation)
0 0 0 0 0 0 0 0 0 0 0 0 0 0 0 0 0 0 0 0 0 0 0 0 0 0 0 0 0 0 0 0 0 0 0 0 0 0 0 0 0 0 0 0 0 0 0 0 0 0 0 0 0 0 0 0 0 0 0 0 0 0 0 0 0 0 0 0 0 0 0 0 0 0 0 0 0 0 0 0 0 0 0 0 0 0 0 0 0 0 0 0 0 0 0 0 0 0 0 0 

$setup times between each pair of operations (from op -> to op)
0 0 0 0 0 0 0 0 0 0 10 10 10 10 10 10 10 10 10 10 20 20 20 20 20 20 20 20 20 20 30 30 30 30 30 30 30 30 30 30 40 40 40 40 40 40 40 40 40 40 50 50 50 50 50 50 50 50 50 50 60 60 60 60 60 60 60 60 60 60 70 70 70 70 70 70 70 70 70 70 80 80 80 80 80 80 80 80 80 80 90 90 90 90 90 90 90 90 90 90 
0 0 0 0 0 0 0 0 0 0 10 10 10 10 10 10 10 10 10 10 20 20 20 20 20 20 20 20 20 20 30 30 30 30 30 30 30 30 30 30 40 40 40 40 40 40 40 40 40 40 50 50 50 50 50 50 50 50 50 50 60 60 60 60 60 60 60 60 60 60 70 70 70 70 70 70 70 70 70 70 80 80 80 80 80 80 80 80 80 80 90 90 90 90 90 90 90 90 90 90 
0 0 0 0 0 0 0 0 0 0 10 10 10 10 10 10 10 10 10 10 20 20 20 20 20 20 20 20 20 20 30 30 30 30 30 30 30 30 30 30 40 40 40 40 40 40 40 40 40 40 50 50 50 50 50 50 50 50 50 50 60 60 60 60 60 60 60 60 60 60 70 70 70 70 70 70 70 70 70 70 80 80 80 80 80 80 80 80 80 80 90 90 90 90 90 90 90 90 90 90 
0 0 0 0 0 0 0 0 0 0 10 10 10 10 10 10 10 10 10 10 20 20 20 20 20 20 20 20 20 20 30 30 30 30 30 30 30 30 30 30 40 40 40 40 40 40 40 40 40 40 50 50 50 50 50 50 50 50 50 50 60 60 60 60 60 60 60 60 60 60 70 70 70 70 70 70 70 70 70 70 80 80 80 80 80 80 80 80 80 80 90 90 90 90 90 90 90 90 90 90 
0 0 0 0 0 0 0 0 0 0 10 10 10 10 10 10 10 10 10 10 20 20 20 20 20 20 20 20 20 20 30 30 30 30 30 30 30 30 30 30 40 40 40 40 40 40 40 40 40 40 50 50 50 50 50 50 50 50 50 50 60 60 60 60 60 60 60 60 60 60 70 70 70 70 70 70 70 70 70 70 80 80 80 80 80 80 80 80 80 80 90 90 90 90 90 90 90 90 90 90 
0 0 0 0 0 0 0 0 0 0 10 10 10 10 10 10 10 10 10 10 20 20 20 20 20 20 20 20 20 20 30 30 30 30 30 30 30 30 30 30 40 40 40 40 40 40 40 40 40 40 50 50 50 50 50 50 50 50 50 50 60 60 60 60 60 60 60 60 60 60 70 70 70 70 70 70 70 70 70 70 80 80 80 80 80 80 80 80 80 80 90 90 90 90 90 90 90 90 90 90 
0 0 0 0 0 0 0 0 0 0 10 10 10 10 10 10 10 10 10 10 20 20 20 20 20 20 20 20 20 20 30 30 30 30 30 30 30 30 30 30 40 40 40 40 40 40 40 40 40 40 50 50 50 50 50 50 50 50 50 50 60 60 60 60 60 60 60 60 60 60 70 70 70 70 70 70 70 70 70 70 80 80 80 80 80 80 80 80 80 80 90 90 90 90 90 90 90 90 90 90 
0 0 0 0 0 0 0 0 0 0 10 10 10 10 10 10 10 10 10 10 20 20 20 20 20 20 20 20 20 20 30 30 30 30 30 30 30 30 30 30 40 40 40 40 40 40 40 40 40 40 50 50 50 50 50 50 50 50 50 50 60 60 60 60 60 60 60 60 60 60 70 70 70 70 70 70 70 70 70 70 80 80 80 80 80 80 80 80 80 80 90 90 90 90 90 90 90 90 90 90 
0 0 0 0 0 0 0 0 0 0 10 10 10 10 10 10 10 10 10 10 20 20 20 20 20 20 20 20 20 20 30 30 30 30 30 30 30 30 30 30 40 40 40 40 40 40 40 40 40 40 50 50 50 50 50 50 50 50 50 50 60 60 60 60 60 60 60 60 60 60 70 70 70 70 70 70 70 70 70 70 80 80 80 80 80 80 80 80 80 80 90 90 90 90 90 90 90 90 90 90 
0 0 0 0 0 0 0 0 0 0 10 10 10 10 10 10 10 10 10 10 20 20 20 20 20 20 20 20 20 20 30 30 30 30 30 30 30 30 30 30 40 40 40 40 40 40 40 40 40 40 50 50 50 50 50 50 50 50 50 50 60 60 60 60 60 60 60 60 60 60 70 70 70 70 70 70 70 70 70 70 80 80 80 80 80 80 80 80 80 80 90 90 90 90 90 90 90 90 90 90 
90 90 90 90 90 90 90 90 90 90 0 0 0 0 0 0 0 0 0 0 10 10 10 10 10 10 10 10 10 10 20 20 20 20 20 20 20 20 20 20 30 30 30 30 30 30 30 30 30 30 40 40 40 40 40 40 40 40 40 40 50 50 50 50 50 50 50 50 50 50 60 60 60 60 60 60 60 60 60 60 70 70 70 70 70 70 70 70 70 70 80 80 80 80 80 80 80 80 80 80 
90 90 90 90 90 90 90 90 90 90 0 0 0 0 0 0 0 0 0 0 10 10 10 10 10 10 10 10 10 10 20 20 20 20 20 20 20 20 20 20 30 30 30 30 30 30 30 30 30 30 40 40 40 40 40 40 40 40 40 40 50 50 50 50 50 50 50 50 50 50 60 60 60 60 60 60 60 60 60 60 70 70 70 70 70 70 70 70 70 70 80 80 80 80 80 80 80 80 80 80 
90 90 90 90 90 90 90 90 90 90 0 0 0 0 0 0 0 0 0 0 10 10 10 10 10 10 10 10 10 10 20 20 20 20 20 20 20 20 20 20 30 30 30 30 30 30 30 30 30 30 40 40 40 40 40 40 40 40 40 40 50 50 50 50 50 50 50 50 50 50 60 60 60 60 60 60 60 60 60 60 70 70 70 70 70 70 70 70 70 70 80 80 80 80 80 80 80 80 80 80 
90 90 90 90 90 90 90 90 90 90 0 0 0 0 0 0 0 0 0 0 10 10 10 10 10 10 10 10 10 10 20 20 20 20 20 20 20 20 20 20 30 30 30 30 30 30 30 30 30 30 40 40 40 40 40 40 40 40 40 40 50 50 50 50 50 50 50 50 50 50 60 60 60 60 60 60 60 60 60 60 70 70 70 70 70 70 70 70 70 70 80 80 80 80 80 80 80 80 80 80 
90 90 90 90 90 90 90 90 90 90 0 0 0 0 0 0 0 0 0 0 10 10 10 10 10 10 10 10 10 10 20 20 20 20 20 20 20 20 20 20 30 30 30 30 30 30 30 30 30 30 40 40 40 40 40 40 40 40 40 40 50 50 50 50 50 50 50 50 50 50 60 60 60 60 60 60 60 60 60 60 70 70 70 70 70 70 70 70 70 70 80 80 80 80 80 80 80 80 80 80 
90 90 90 90 90 90 90 90 90 90 0 0 0 0 0 0 0 0 0 0 10 10 10 10 10 10 10 10 10 10 20 20 20 20 20 20 20 20 20 20 30 30 30 30 30 30 30 30 30 30 40 40 40 40 40 40 40 40 40 40 50 50 50 50 50 50 50 50 50 50 60 60 60 60 60 60 60 60 60 60 70 70 70 70 70 70 70 70 70 70 80 80 80 80 80 80 80 80 80 80 
90 90 90 90 90 90 90 90 90 90 0 0 0 0 0 0 0 0 0 0 10 10 10 10 10 10 10 10 10 10 20 20 20 20 20 20 20 20 20 20 30 30 30 30 30 30 30 30 30 30 40 40 40 40 40 40 40 40 40 40 50 50 50 50 50 50 50 50 50 50 60 60 60 60 60 60 60 60 60 60 70 70 70 70 70 70 70 70 70 70 80 80 80 80 80 80 80 80 80 80 
90 90 90 90 90 90 90 90 90 90 0 0 0 0 0 0 0 0 0 0 10 10 10 10 10 10 10 10 10 10 20 20 20 20 20 20 20 20 20 20 30 30 30 30 30 30 30 30 30 30 40 40 40 40 40 40 40 40 40 40 50 50 50 50 50 50 50 50 50 50 60 60 60 60 60 60 60 60 60 60 70 70 70 70 70 70 70 70 70 70 80 80 80 80 80 80 80 80 80 80 
90 90 90 90 90 90 90 90 90 90 0 0 0 0 0 0 0 0 0 0 10 10 10 10 10 10 10 10 10 10 20 20 20 20 20 20 20 20 20 20 30 30 30 30 30 30 30 30 30 30 40 40 40 40 40 40 40 40 40 40 50 50 50 50 50 50 50 50 50 50 60 60 60 60 60 60 60 60 60 60 70 70 70 70 70 70 70 70 70 70 80 80 80 80 80 80 80 80 80 80 
90 90 90 90 90 90 90 90 90 90 0 0 0 0 0 0 0 0 0 0 10 10 10 10 10 10 10 10 10 10 20 20 20 20 20 20 20 20 20 20 30 30 30 30 30 30 30 30 30 30 40 40 40 40 40 40 40 40 40 40 50 50 50 50 50 50 50 50 50 50 60 60 60 60 60 60 60 60 60 60 70 70 70 70 70 70 70 70 70 70 80 80 80 80 80 80 80 80 80 80 
80 80 80 80 80 80 80 80 80 80 90 90 90 90 90 90 90 90 90 90 0 0 0 0 0 0 0 0 0 0 10 10 10 10 10 10 10 10 10 10 20 20 20 20 20 20 20 20 20 20 30 30 30 30 30 30 30 30 30 30 40 40 40 40 40 40 40 40 40 40 50 50 50 50 50 50 50 50 50 50 60 60 60 60 60 60 60 60 60 60 70 70 70 70 70 70 70 70 70 70 
80 80 80 80 80 80 80 80 80 80 90 90 90 90 90 90 90 90 90 90 0 0 0 0 0 0 0 0 0 0 10 10 10 10 10 10 10 10 10 10 20 20 20 20 20 20 20 20 20 20 30 30 30 30 30 30 30 30 30 30 40 40 40 40 40 40 40 40 40 40 50 50 50 50 50 50 50 50 50 50 60 60 60 60 60 60 60 60 60 60 70 70 70 70 70 70 70 70 70 70 
80 80 80 80 80 80 80 80 80 80 90 90 90 90 90 90 90 90 90 90 0 0 0 0 0 0 0 0 0 0 10 10 10 10 10 10 10 10 10 10 20 20 20 20 20 20 20 20 20 20 30 30 30 30 30 30 30 30 30 30 40 40 40 40 40 40 40 40 40 40 50 50 50 50 50 50 50 50 50 50 60 60 60 60 60 60 60 60 60 60 70 70 70 70 70 70 70 70 70 70 
80 80 80 80 80 80 80 80 80 80 90 90 90 90 90 90 90 90 90 90 0 0 0 0 0 0 0 0 0 0 10 10 10 10 10 10 10 10 10 10 20 20 20 20 20 20 20 20 20 20 30 30 30 30 30 30 30 30 30 30 40 40 40 40 40 40 40 40 40 40 50 50 50 50 50 50 50 50 50 50 60 60 60 60 60 60 60 60 60 60 70 70 70 70 70 70 70 70 70 70 
80 80 80 80 80 80 80 80 80 80 90 90 90 90 90 90 90 90 90 90 0 0 0 0 0 0 0 0 0 0 10 10 10 10 10 10 10 10 10 10 20 20 20 20 20 20 20 20 20 20 30 30 30 30 30 30 30 30 30 30 40 40 40 40 40 40 40 40 40 40 50 50 50 50 50 50 50 50 50 50 60 60 60 60 60 60 60 60 60 60 70 70 70 70 70 70 70 70 70 70 
80 80 80 80 80 80 80 80 80 80 90 90 90 90 90 90 90 90 90 90 0 0 0 0 0 0 0 0 0 0 10 10 10 10 10 10 10 10 10 10 20 20 20 20 20 20 20 20 20 20 30 30 30 30 30 30 30 30 30 30 40 40 40 40 40 40 40 40 40 40 50 50 50 50 50 50 50 50 50 50 60 60 60 60 60 60 60 60 60 60 70 70 70 70 70 70 70 70 70 70 
80 80 80 80 80 80 80 80 80 80 90 90 90 90 90 90 90 90 90 90 0 0 0 0 0 0 0 0 0 0 10 10 10 10 10 10 10 10 10 10 20 20 20 20 20 20 20 20 20 20 30 30 30 30 30 30 30 30 30 30 40 40 40 40 40 40 40 40 40 40 50 50 50 50 50 50 50 50 50 50 60 60 60 60 60 60 60 60 60 60 70 70 70 70 70 70 70 70 70 70 
80 80 80 80 80 80 80 80 80 80 90 90 90 90 90 90 90 90 90 90 0 0 0 0 0 0 0 0 0 0 10 10 10 10 10 10 10 10 10 10 20 20 20 20 20 20 20 20 20 20 30 30 30 30 30 30 30 30 30 30 40 40 40 40 40 40 40 40 40 40 50 50 50 50 50 50 50 50 50 50 60 60 60 60 60 60 60 60 60 60 70 70 70 70 70 70 70 70 70 70 
80 80 80 80 80 80 80 80 80 80 90 90 90 90 90 90 90 90 90 90 0 0 0 0 0 0 0 0 0 0 10 10 10 10 10 10 10 10 10 10 20 20 20 20 20 20 20 20 20 20 30 30 30 30 30 30 30 30 30 30 40 40 40 40 40 40 40 40 40 40 50 50 50 50 50 50 50 50 50 50 60 60 60 60 60 60 60 60 60 60 70 70 70 70 70 70 70 70 70 70 
80 80 80 80 80 80 80 80 80 80 90 90 90 90 90 90 90 90 90 90 0 0 0 0 0 0 0 0 0 0 10 10 10 10 10 10 10 10 10 10 20 20 20 20 20 20 20 20 20 20 30 30 30 30 30 30 30 30 30 30 40 40 40 40 40 40 40 40 40 40 50 50 50 50 50 50 50 50 50 50 60 60 60 60 60 60 60 60 60 60 70 70 70 70 70 70 70 70 70 70 
70 70 70 70 70 70 70 70 70 70 80 80 80 80 80 80 80 80 80 80 90 90 90 90 90 90 90 90 90 90 0 0 0 0 0 0 0 0 0 0 10 10 10 10 10 10 10 10 10 10 20 20 20 20 20 20 20 20 20 20 30 30 30 30 30 30 30 30 30 30 40 40 40 40 40 40 40 40 40 40 50 50 50 50 50 50 50 50 50 50 60 60 60 60 60 60 60 60 60 60 
70 70 70 70 70 70 70 70 70 70 80 80 80 80 80 80 80 80 80 80 90 90 90 90 90 90 90 90 90 90 0 0 0 0 0 0 0 0 0 0 10 10 10 10 10 10 10 10 10 10 20 20 20 20 20 20 20 20 20 20 30 30 30 30 30 30 30 30 30 30 40 40 40 40 40 40 40 40 40 40 50 50 50 50 50 50 50 50 50 50 60 60 60 60 60 60 60 60 60 60 
70 70 70 70 70 70 70 70 70 70 80 80 80 80 80 80 80 80 80 80 90 90 90 90 90 90 90 90 90 90 0 0 0 0 0 0 0 0 0 0 10 10 10 10 10 10 10 10 10 10 20 20 20 20 20 20 20 20 20 20 30 30 30 30 30 30 30 30 30 30 40 40 40 40 40 40 40 40 40 40 50 50 50 50 50 50 50 50 50 50 60 60 60 60 60 60 60 60 60 60 
70 70 70 70 70 70 70 70 70 70 80 80 80 80 80 80 80 80 80 80 90 90 90 90 90 90 90 90 90 90 0 0 0 0 0 0 0 0 0 0 10 10 10 10 10 10 10 10 10 10 20 20 20 20 20 20 20 20 20 20 30 30 30 30 30 30 30 30 30 30 40 40 40 40 40 40 40 40 40 40 50 50 50 50 50 50 50 50 50 50 60 60 60 60 60 60 60 60 60 60 
70 70 70 70 70 70 70 70 70 70 80 80 80 80 80 80 80 80 80 80 90 90 90 90 90 90 90 90 90 90 0 0 0 0 0 0 0 0 0 0 10 10 10 10 10 10 10 10 10 10 20 20 20 20 20 20 20 20 20 20 30 30 30 30 30 30 30 30 30 30 40 40 40 40 40 40 40 40 40 40 50 50 50 50 50 50 50 50 50 50 60 60 60 60 60 60 60 60 60 60 
70 70 70 70 70 70 70 70 70 70 80 80 80 80 80 80 80 80 80 80 90 90 90 90 90 90 90 90 90 90 0 0 0 0 0 0 0 0 0 0 10 10 10 10 10 10 10 10 10 10 20 20 20 20 20 20 20 20 20 20 30 30 30 30 30 30 30 30 30 30 40 40 40 40 40 40 40 40 40 40 50 50 50 50 50 50 50 50 50 50 60 60 60 60 60 60 60 60 60 60 
70 70 70 70 70 70 70 70 70 70 80 80 80 80 80 80 80 80 80 80 90 90 90 90 90 90 90 90 90 90 0 0 0 0 0 0 0 0 0 0 10 10 10 10 10 10 10 10 10 10 20 20 20 20 20 20 20 20 20 20 30 30 30 30 30 30 30 30 30 30 40 40 40 40 40 40 40 40 40 40 50 50 50 50 50 50 50 50 50 50 60 60 60 60 60 60 60 60 60 60 
70 70 70 70 70 70 70 70 70 70 80 80 80 80 80 80 80 80 80 80 90 90 90 90 90 90 90 90 90 90 0 0 0 0 0 0 0 0 0 0 10 10 10 10 10 10 10 10 10 10 20 20 20 20 20 20 20 20 20 20 30 30 30 30 30 30 30 30 30 30 40 40 40 40 40 40 40 40 40 40 50 50 50 50 50 50 50 50 50 50 60 60 60 60 60 60 60 60 60 60 
70 70 70 70 70 70 70 70 70 70 80 80 80 80 80 80 80 80 80 80 90 90 90 90 90 90 90 90 90 90 0 0 0 0 0 0 0 0 0 0 10 10 10 10 10 10 10 10 10 10 20 20 20 20 20 20 20 20 20 20 30 30 30 30 30 30 30 30 30 30 40 40 40 40 40 40 40 40 40 40 50 50 50 50 50 50 50 50 50 50 60 60 60 60 60 60 60 60 60 60 
70 70 70 70 70 70 70 70 70 70 80 80 80 80 80 80 80 80 80 80 90 90 90 90 90 90 90 90 90 90 0 0 0 0 0 0 0 0 0 0 10 10 10 10 10 10 10 10 10 10 20 20 20 20 20 20 20 20 20 20 30 30 30 30 30 30 30 30 30 30 40 40 40 40 40 40 40 40 40 40 50 50 50 50 50 50 50 50 50 50 60 60 60 60 60 60 60 60 60 60 
60 60 60 60 60 60 60 60 60 60 70 70 70 70 70 70 70 70 70 70 80 80 80 80 80 80 80 80 80 80 90 90 90 90 90 90 90 90 90 90 0 0 0 0 0 0 0 0 0 0 10 10 10 10 10 10 10 10 10 10 20 20 20 20 20 20 20 20 20 20 30 30 30 30 30 30 30 30 30 30 40 40 40 40 40 40 40 40 40 40 50 50 50 50 50 50 50 50 50 50 
60 60 60 60 60 60 60 60 60 60 70 70 70 70 70 70 70 70 70 70 80 80 80 80 80 80 80 80 80 80 90 90 90 90 90 90 90 90 90 90 0 0 0 0 0 0 0 0 0 0 10 10 10 10 10 10 10 10 10 10 20 20 20 20 20 20 20 20 20 20 30 30 30 30 30 30 30 30 30 30 40 40 40 40 40 40 40 40 40 40 50 50 50 50 50 50 50 50 50 50 
60 60 60 60 60 60 60 60 60 60 70 70 70 70 70 70 70 70 70 70 80 80 80 80 80 80 80 80 80 80 90 90 90 90 90 90 90 90 90 90 0 0 0 0 0 0 0 0 0 0 10 10 10 10 10 10 10 10 10 10 20 20 20 20 20 20 20 20 20 20 30 30 30 30 30 30 30 30 30 30 40 40 40 40 40 40 40 40 40 40 50 50 50 50 50 50 50 50 50 50 
60 60 60 60 60 60 60 60 60 60 70 70 70 70 70 70 70 70 70 70 80 80 80 80 80 80 80 80 80 80 90 90 90 90 90 90 90 90 90 90 0 0 0 0 0 0 0 0 0 0 10 10 10 10 10 10 10 10 10 10 20 20 20 20 20 20 20 20 20 20 30 30 30 30 30 30 30 30 30 30 40 40 40 40 40 40 40 40 40 40 50 50 50 50 50 50 50 50 50 50 
60 60 60 60 60 60 60 60 60 60 70 70 70 70 70 70 70 70 70 70 80 80 80 80 80 80 80 80 80 80 90 90 90 90 90 90 90 90 90 90 0 0 0 0 0 0 0 0 0 0 10 10 10 10 10 10 10 10 10 10 20 20 20 20 20 20 20 20 20 20 30 30 30 30 30 30 30 30 30 30 40 40 40 40 40 40 40 40 40 40 50 50 50 50 50 50 50 50 50 50 
60 60 60 60 60 60 60 60 60 60 70 70 70 70 70 70 70 70 70 70 80 80 80 80 80 80 80 80 80 80 90 90 90 90 90 90 90 90 90 90 0 0 0 0 0 0 0 0 0 0 10 10 10 10 10 10 10 10 10 10 20 20 20 20 20 20 20 20 20 20 30 30 30 30 30 30 30 30 30 30 40 40 40 40 40 40 40 40 40 40 50 50 50 50 50 50 50 50 50 50 
60 60 60 60 60 60 60 60 60 60 70 70 70 70 70 70 70 70 70 70 80 80 80 80 80 80 80 80 80 80 90 90 90 90 90 90 90 90 90 90 0 0 0 0 0 0 0 0 0 0 10 10 10 10 10 10 10 10 10 10 20 20 20 20 20 20 20 20 20 20 30 30 30 30 30 30 30 30 30 30 40 40 40 40 40 40 40 40 40 40 50 50 50 50 50 50 50 50 50 50 
60 60 60 60 60 60 60 60 60 60 70 70 70 70 70 70 70 70 70 70 80 80 80 80 80 80 80 80 80 80 90 90 90 90 90 90 90 90 90 90 0 0 0 0 0 0 0 0 0 0 10 10 10 10 10 10 10 10 10 10 20 20 20 20 20 20 20 20 20 20 30 30 30 30 30 30 30 30 30 30 40 40 40 40 40 40 40 40 40 40 50 50 50 50 50 50 50 50 50 50 
60 60 60 60 60 60 60 60 60 60 70 70 70 70 70 70 70 70 70 70 80 80 80 80 80 80 80 80 80 80 90 90 90 90 90 90 90 90 90 90 0 0 0 0 0 0 0 0 0 0 10 10 10 10 10 10 10 10 10 10 20 20 20 20 20 20 20 20 20 20 30 30 30 30 30 30 30 30 30 30 40 40 40 40 40 40 40 40 40 40 50 50 50 50 50 50 50 50 50 50 
60 60 60 60 60 60 60 60 60 60 70 70 70 70 70 70 70 70 70 70 80 80 80 80 80 80 80 80 80 80 90 90 90 90 90 90 90 90 90 90 0 0 0 0 0 0 0 0 0 0 10 10 10 10 10 10 10 10 10 10 20 20 20 20 20 20 20 20 20 20 30 30 30 30 30 30 30 30 30 30 40 40 40 40 40 40 40 40 40 40 50 50 50 50 50 50 50 50 50 50 
50 50 50 50 50 50 50 50 50 50 60 60 60 60 60 60 60 60 60 60 70 70 70 70 70 70 70 70 70 70 80 80 80 80 80 80 80 80 80 80 90 90 90 90 90 90 90 90 90 90 0 0 0 0 0 0 0 0 0 0 10 10 10 10 10 10 10 10 10 10 20 20 20 20 20 20 20 20 20 20 30 30 30 30 30 30 30 30 30 30 40 40 40 40 40 40 40 40 40 40 
50 50 50 50 50 50 50 50 50 50 60 60 60 60 60 60 60 60 60 60 70 70 70 70 70 70 70 70 70 70 80 80 80 80 80 80 80 80 80 80 90 90 90 90 90 90 90 90 90 90 0 0 0 0 0 0 0 0 0 0 10 10 10 10 10 10 10 10 10 10 20 20 20 20 20 20 20 20 20 20 30 30 30 30 30 30 30 30 30 30 40 40 40 40 40 40 40 40 40 40 
50 50 50 50 50 50 50 50 50 50 60 60 60 60 60 60 60 60 60 60 70 70 70 70 70 70 70 70 70 70 80 80 80 80 80 80 80 80 80 80 90 90 90 90 90 90 90 90 90 90 0 0 0 0 0 0 0 0 0 0 10 10 10 10 10 10 10 10 10 10 20 20 20 20 20 20 20 20 20 20 30 30 30 30 30 30 30 30 30 30 40 40 40 40 40 40 40 40 40 40 
50 50 50 50 50 50 50 50 50 50 60 60 60 60 60 60 60 60 60 60 70 70 70 70 70 70 70 70 70 70 80 80 80 80 80 80 80 80 80 80 90 90 90 90 90 90 90 90 90 90 0 0 0 0 0 0 0 0 0 0 10 10 10 10 10 10 10 10 10 10 20 20 20 20 20 20 20 20 20 20 30 30 30 30 30 30 30 30 30 30 40 40 40 40 40 40 40 40 40 40 
50 50 50 50 50 50 50 50 50 50 60 60 60 60 60 60 60 60 60 60 70 70 70 70 70 70 70 70 70 70 80 80 80 80 80 80 80 80 80 80 90 90 90 90 90 90 90 90 90 90 0 0 0 0 0 0 0 0 0 0 10 10 10 10 10 10 10 10 10 10 20 20 20 20 20 20 20 20 20 20 30 30 30 30 30 30 30 30 30 30 40 40 40 40 40 40 40 40 40 40 
50 50 50 50 50 50 50 50 50 50 60 60 60 60 60 60 60 60 60 60 70 70 70 70 70 70 70 70 70 70 80 80 80 80 80 80 80 80 80 80 90 90 90 90 90 90 90 90 90 90 0 0 0 0 0 0 0 0 0 0 10 10 10 10 10 10 10 10 10 10 20 20 20 20 20 20 20 20 20 20 30 30 30 30 30 30 30 30 30 30 40 40 40 40 40 40 40 40 40 40 
50 50 50 50 50 50 50 50 50 50 60 60 60 60 60 60 60 60 60 60 70 70 70 70 70 70 70 70 70 70 80 80 80 80 80 80 80 80 80 80 90 90 90 90 90 90 90 90 90 90 0 0 0 0 0 0 0 0 0 0 10 10 10 10 10 10 10 10 10 10 20 20 20 20 20 20 20 20 20 20 30 30 30 30 30 30 30 30 30 30 40 40 40 40 40 40 40 40 40 40 
50 50 50 50 50 50 50 50 50 50 60 60 60 60 60 60 60 60 60 60 70 70 70 70 70 70 70 70 70 70 80 80 80 80 80 80 80 80 80 80 90 90 90 90 90 90 90 90 90 90 0 0 0 0 0 0 0 0 0 0 10 10 10 10 10 10 10 10 10 10 20 20 20 20 20 20 20 20 20 20 30 30 30 30 30 30 30 30 30 30 40 40 40 40 40 40 40 40 40 40 
50 50 50 50 50 50 50 50 50 50 60 60 60 60 60 60 60 60 60 60 70 70 70 70 70 70 70 70 70 70 80 80 80 80 80 80 80 80 80 80 90 90 90 90 90 90 90 90 90 90 0 0 0 0 0 0 0 0 0 0 10 10 10 10 10 10 10 10 10 10 20 20 20 20 20 20 20 20 20 20 30 30 30 30 30 30 30 30 30 30 40 40 40 40 40 40 40 40 40 40 
50 50 50 50 50 50 50 50 50 50 60 60 60 60 60 60 60 60 60 60 70 70 70 70 70 70 70 70 70 70 80 80 80 80 80 80 80 80 80 80 90 90 90 90 90 90 90 90 90 90 0 0 0 0 0 0 0 0 0 0 10 10 10 10 10 10 10 10 10 10 20 20 20 20 20 20 20 20 20 20 30 30 30 30 30 30 30 30 30 30 40 40 40 40 40 40 40 40 40 40 
40 40 40 40 40 40 40 40 40 40 50 50 50 50 50 50 50 50 50 50 60 60 60 60 60 60 60 60 60 60 70 70 70 70 70 70 70 70 70 70 80 80 80 80 80 80 80 80 80 80 90 90 90 90 90 90 90 90 90 90 0 0 0 0 0 0 0 0 0 0 10 10 10 10 10 10 10 10 10 10 20 20 20 20 20 20 20 20 20 20 30 30 30 30 30 30 30 30 30 30 
40 40 40 40 40 40 40 40 40 40 50 50 50 50 50 50 50 50 50 50 60 60 60 60 60 60 60 60 60 60 70 70 70 70 70 70 70 70 70 70 80 80 80 80 80 80 80 80 80 80 90 90 90 90 90 90 90 90 90 90 0 0 0 0 0 0 0 0 0 0 10 10 10 10 10 10 10 10 10 10 20 20 20 20 20 20 20 20 20 20 30 30 30 30 30 30 30 30 30 30 
40 40 40 40 40 40 40 40 40 40 50 50 50 50 50 50 50 50 50 50 60 60 60 60 60 60 60 60 60 60 70 70 70 70 70 70 70 70 70 70 80 80 80 80 80 80 80 80 80 80 90 90 90 90 90 90 90 90 90 90 0 0 0 0 0 0 0 0 0 0 10 10 10 10 10 10 10 10 10 10 20 20 20 20 20 20 20 20 20 20 30 30 30 30 30 30 30 30 30 30 
40 40 40 40 40 40 40 40 40 40 50 50 50 50 50 50 50 50 50 50 60 60 60 60 60 60 60 60 60 60 70 70 70 70 70 70 70 70 70 70 80 80 80 80 80 80 80 80 80 80 90 90 90 90 90 90 90 90 90 90 0 0 0 0 0 0 0 0 0 0 10 10 10 10 10 10 10 10 10 10 20 20 20 20 20 20 20 20 20 20 30 30 30 30 30 30 30 30 30 30 
40 40 40 40 40 40 40 40 40 40 50 50 50 50 50 50 50 50 50 50 60 60 60 60 60 60 60 60 60 60 70 70 70 70 70 70 70 70 70 70 80 80 80 80 80 80 80 80 80 80 90 90 90 90 90 90 90 90 90 90 0 0 0 0 0 0 0 0 0 0 10 10 10 10 10 10 10 10 10 10 20 20 20 20 20 20 20 20 20 20 30 30 30 30 30 30 30 30 30 30 
40 40 40 40 40 40 40 40 40 40 50 50 50 50 50 50 50 50 50 50 60 60 60 60 60 60 60 60 60 60 70 70 70 70 70 70 70 70 70 70 80 80 80 80 80 80 80 80 80 80 90 90 90 90 90 90 90 90 90 90 0 0 0 0 0 0 0 0 0 0 10 10 10 10 10 10 10 10 10 10 20 20 20 20 20 20 20 20 20 20 30 30 30 30 30 30 30 30 30 30 
40 40 40 40 40 40 40 40 40 40 50 50 50 50 50 50 50 50 50 50 60 60 60 60 60 60 60 60 60 60 70 70 70 70 70 70 70 70 70 70 80 80 80 80 80 80 80 80 80 80 90 90 90 90 90 90 90 90 90 90 0 0 0 0 0 0 0 0 0 0 10 10 10 10 10 10 10 10 10 10 20 20 20 20 20 20 20 20 20 20 30 30 30 30 30 30 30 30 30 30 
40 40 40 40 40 40 40 40 40 40 50 50 50 50 50 50 50 50 50 50 60 60 60 60 60 60 60 60 60 60 70 70 70 70 70 70 70 70 70 70 80 80 80 80 80 80 80 80 80 80 90 90 90 90 90 90 90 90 90 90 0 0 0 0 0 0 0 0 0 0 10 10 10 10 10 10 10 10 10 10 20 20 20 20 20 20 20 20 20 20 30 30 30 30 30 30 30 30 30 30 
40 40 40 40 40 40 40 40 40 40 50 50 50 50 50 50 50 50 50 50 60 60 60 60 60 60 60 60 60 60 70 70 70 70 70 70 70 70 70 70 80 80 80 80 80 80 80 80 80 80 90 90 90 90 90 90 90 90 90 90 0 0 0 0 0 0 0 0 0 0 10 10 10 10 10 10 10 10 10 10 20 20 20 20 20 20 20 20 20 20 30 30 30 30 30 30 30 30 30 30 
40 40 40 40 40 40 40 40 40 40 50 50 50 50 50 50 50 50 50 50 60 60 60 60 60 60 60 60 60 60 70 70 70 70 70 70 70 70 70 70 80 80 80 80 80 80 80 80 80 80 90 90 90 90 90 90 90 90 90 90 0 0 0 0 0 0 0 0 0 0 10 10 10 10 10 10 10 10 10 10 20 20 20 20 20 20 20 20 20 20 30 30 30 30 30 30 30 30 30 30 
30 30 30 30 30 30 30 30 30 30 40 40 40 40 40 40 40 40 40 40 50 50 50 50 50 50 50 50 50 50 60 60 60 60 60 60 60 60 60 60 70 70 70 70 70 70 70 70 70 70 80 80 80 80 80 80 80 80 80 80 90 90 90 90 90 90 90 90 90 90 0 0 0 0 0 0 0 0 0 0 10 10 10 10 10 10 10 10 10 10 20 20 20 20 20 20 20 20 20 20 
30 30 30 30 30 30 30 30 30 30 40 40 40 40 40 40 40 40 40 40 50 50 50 50 50 50 50 50 50 50 60 60 60 60 60 60 60 60 60 60 70 70 70 70 70 70 70 70 70 70 80 80 80 80 80 80 80 80 80 80 90 90 90 90 90 90 90 90 90 90 0 0 0 0 0 0 0 0 0 0 10 10 10 10 10 10 10 10 10 10 20 20 20 20 20 20 20 20 20 20 
30 30 30 30 30 30 30 30 30 30 40 40 40 40 40 40 40 40 40 40 50 50 50 50 50 50 50 50 50 50 60 60 60 60 60 60 60 60 60 60 70 70 70 70 70 70 70 70 70 70 80 80 80 80 80 80 80 80 80 80 90 90 90 90 90 90 90 90 90 90 0 0 0 0 0 0 0 0 0 0 10 10 10 10 10 10 10 10 10 10 20 20 20 20 20 20 20 20 20 20 
30 30 30 30 30 30 30 30 30 30 40 40 40 40 40 40 40 40 40 40 50 50 50 50 50 50 50 50 50 50 60 60 60 60 60 60 60 60 60 60 70 70 70 70 70 70 70 70 70 70 80 80 80 80 80 80 80 80 80 80 90 90 90 90 90 90 90 90 90 90 0 0 0 0 0 0 0 0 0 0 10 10 10 10 10 10 10 10 10 10 20 20 20 20 20 20 20 20 20 20 
30 30 30 30 30 30 30 30 30 30 40 40 40 40 40 40 40 40 40 40 50 50 50 50 50 50 50 50 50 50 60 60 60 60 60 60 60 60 60 60 70 70 70 70 70 70 70 70 70 70 80 80 80 80 80 80 80 80 80 80 90 90 90 90 90 90 90 90 90 90 0 0 0 0 0 0 0 0 0 0 10 10 10 10 10 10 10 10 10 10 20 20 20 20 20 20 20 20 20 20 
30 30 30 30 30 30 30 30 30 30 40 40 40 40 40 40 40 40 40 40 50 50 50 50 50 50 50 50 50 50 60 60 60 60 60 60 60 60 60 60 70 70 70 70 70 70 70 70 70 70 80 80 80 80 80 80 80 80 80 80 90 90 90 90 90 90 90 90 90 90 0 0 0 0 0 0 0 0 0 0 10 10 10 10 10 10 10 10 10 10 20 20 20 20 20 20 20 20 20 20 
30 30 30 30 30 30 30 30 30 30 40 40 40 40 40 40 40 40 40 40 50 50 50 50 50 50 50 50 50 50 60 60 60 60 60 60 60 60 60 60 70 70 70 70 70 70 70 70 70 70 80 80 80 80 80 80 80 80 80 80 90 90 90 90 90 90 90 90 90 90 0 0 0 0 0 0 0 0 0 0 10 10 10 10 10 10 10 10 10 10 20 20 20 20 20 20 20 20 20 20 
30 30 30 30 30 30 30 30 30 30 40 40 40 40 40 40 40 40 40 40 50 50 50 50 50 50 50 50 50 50 60 60 60 60 60 60 60 60 60 60 70 70 70 70 70 70 70 70 70 70 80 80 80 80 80 80 80 80 80 80 90 90 90 90 90 90 90 90 90 90 0 0 0 0 0 0 0 0 0 0 10 10 10 10 10 10 10 10 10 10 20 20 20 20 20 20 20 20 20 20 
30 30 30 30 30 30 30 30 30 30 40 40 40 40 40 40 40 40 40 40 50 50 50 50 50 50 50 50 50 50 60 60 60 60 60 60 60 60 60 60 70 70 70 70 70 70 70 70 70 70 80 80 80 80 80 80 80 80 80 80 90 90 90 90 90 90 90 90 90 90 0 0 0 0 0 0 0 0 0 0 10 10 10 10 10 10 10 10 10 10 20 20 20 20 20 20 20 20 20 20 
30 30 30 30 30 30 30 30 30 30 40 40 40 40 40 40 40 40 40 40 50 50 50 50 50 50 50 50 50 50 60 60 60 60 60 60 60 60 60 60 70 70 70 70 70 70 70 70 70 70 80 80 80 80 80 80 80 80 80 80 90 90 90 90 90 90 90 90 90 90 0 0 0 0 0 0 0 0 0 0 10 10 10 10 10 10 10 10 10 10 20 20 20 20 20 20 20 20 20 20 
20 20 20 20 20 20 20 20 20 20 30 30 30 30 30 30 30 30 30 30 40 40 40 40 40 40 40 40 40 40 50 50 50 50 50 50 50 50 50 50 60 60 60 60 60 60 60 60 60 60 70 70 70 70 70 70 70 70 70 70 80 80 80 80 80 80 80 80 80 80 90 90 90 90 90 90 90 90 90 90 0 0 0 0 0 0 0 0 0 0 10 10 10 10 10 10 10 10 10 10 
20 20 20 20 20 20 20 20 20 20 30 30 30 30 30 30 30 30 30 30 40 40 40 40 40 40 40 40 40 40 50 50 50 50 50 50 50 50 50 50 60 60 60 60 60 60 60 60 60 60 70 70 70 70 70 70 70 70 70 70 80 80 80 80 80 80 80 80 80 80 90 90 90 90 90 90 90 90 90 90 0 0 0 0 0 0 0 0 0 0 10 10 10 10 10 10 10 10 10 10 
20 20 20 20 20 20 20 20 20 20 30 30 30 30 30 30 30 30 30 30 40 40 40 40 40 40 40 40 40 40 50 50 50 50 50 50 50 50 50 50 60 60 60 60 60 60 60 60 60 60 70 70 70 70 70 70 70 70 70 70 80 80 80 80 80 80 80 80 80 80 90 90 90 90 90 90 90 90 90 90 0 0 0 0 0 0 0 0 0 0 10 10 10 10 10 10 10 10 10 10 
20 20 20 20 20 20 20 20 20 20 30 30 30 30 30 30 30 30 30 30 40 40 40 40 40 40 40 40 40 40 50 50 50 50 50 50 50 50 50 50 60 60 60 60 60 60 60 60 60 60 70 70 70 70 70 70 70 70 70 70 80 80 80 80 80 80 80 80 80 80 90 90 90 90 90 90 90 90 90 90 0 0 0 0 0 0 0 0 0 0 10 10 10 10 10 10 10 10 10 10 
20 20 20 20 20 20 20 20 20 20 30 30 30 30 30 30 30 30 30 30 40 40 40 40 40 40 40 40 40 40 50 50 50 50 50 50 50 50 50 50 60 60 60 60 60 60 60 60 60 60 70 70 70 70 70 70 70 70 70 70 80 80 80 80 80 80 80 80 80 80 90 90 90 90 90 90 90 90 90 90 0 0 0 0 0 0 0 0 0 0 10 10 10 10 10 10 10 10 10 10 
20 20 20 20 20 20 20 20 20 20 30 30 30 30 30 30 30 30 30 30 40 40 40 40 40 40 40 40 40 40 50 50 50 50 50 50 50 50 50 50 60 60 60 60 60 60 60 60 60 60 70 70 70 70 70 70 70 70 70 70 80 80 80 80 80 80 80 80 80 80 90 90 90 90 90 90 90 90 90 90 0 0 0 0 0 0 0 0 0 0 10 10 10 10 10 10 10 10 10 10 
20 20 20 20 20 20 20 20 20 20 30 30 30 30 30 30 30 30 30 30 40 40 40 40 40 40 40 40 40 40 50 50 50 50 50 50 50 50 50 50 60 60 60 60 60 60 60 60 60 60 70 70 70 70 70 70 70 70 70 70 80 80 80 80 80 80 80 80 80 80 90 90 90 90 90 90 90 90 90 90 0 0 0 0 0 0 0 0 0 0 10 10 10 10 10 10 10 10 10 10 
20 20 20 20 20 20 20 20 20 20 30 30 30 30 30 30 30 30 30 30 40 40 40 40 40 40 40 40 40 40 50 50 50 50 50 50 50 50 50 50 60 60 60 60 60 60 60 60 60 60 70 70 70 70 70 70 70 70 70 70 80 80 80 80 80 80 80 80 80 80 90 90 90 90 90 90 90 90 90 90 0 0 0 0 0 0 0 0 0 0 10 10 10 10 10 10 10 10 10 10 
20 20 20 20 20 20 20 20 20 20 30 30 30 30 30 30 30 30 30 30 40 40 40 40 40 40 40 40 40 40 50 50 50 50 50 50 50 50 50 50 60 60 60 60 60 60 60 60 60 60 70 70 70 70 70 70 70 70 70 70 80 80 80 80 80 80 80 80 80 80 90 90 90 90 90 90 90 90 90 90 0 0 0 0 0 0 0 0 0 0 10 10 10 10 10 10 10 10 10 10 
20 20 20 20 20 20 20 20 20 20 30 30 30 30 30 30 30 30 30 30 40 40 40 40 40 40 40 40 40 40 50 50 50 50 50 50 50 50 50 50 60 60 60 60 60 60 60 60 60 60 70 70 70 70 70 70 70 70 70 70 80 80 80 80 80 80 80 80 80 80 90 90 90 90 90 90 90 90 90 90 0 0 0 0 0 0 0 0 0 0 10 10 10 10 10 10 10 10 10 10 
10 10 10 10 10 10 10 10 10 10 20 20 20 20 20 20 20 20 20 20 30 30 30 30 30 30 30 30 30 30 40 40 40 40 40 40 40 40 40 40 50 50 50 50 50 50 50 50 50 50 60 60 60 60 60 60 60 60 60 60 70 70 70 70 70 70 70 70 70 70 80 80 80 80 80 80 80 80 80 80 90 90 90 90 90 90 90 90 90 90 0 0 0 0 0 0 0 0 0 0 
10 10 10 10 10 10 10 10 10 10 20 20 20 20 20 20 20 20 20 20 30 30 30 30 30 30 30 30 30 30 40 40 40 40 40 40 40 40 40 40 50 50 50 50 50 50 50 50 50 50 60 60 60 60 60 60 60 60 60 60 70 70 70 70 70 70 70 70 70 70 80 80 80 80 80 80 80 80 80 80 90 90 90 90 90 90 90 90 90 90 0 0 0 0 0 0 0 0 0 0 
10 10 10 10 10 10 10 10 10 10 20 20 20 20 20 20 20 20 20 20 30 30 30 30 30 30 30 30 30 30 40 40 40 40 40 40 40 40 40 40 50 50 50 50 50 50 50 50 50 50 60 60 60 60 60 60 60 60 60 60 70 70 70 70 70 70 70 70 70 70 80 80 80 80 80 80 80 80 80 80 90 90 90 90 90 90 90 90 90 90 0 0 0 0 0 0 0 0 0 0 
10 10 10 10 10 10 10 10 10 10 20 20 20 20 20 20 20 20 20 20 30 30 30 30 30 30 30 30 30 30 40 40 40 40 40 40 40 40 40 40 50 50 50 50 50 50 50 50 50 50 60 60 60 60 60 60 60 60 60 60 70 70 70 70 70 70 70 70 70 70 80 80 80 80 80 80 80 80 80 80 90 90 90 90 90 90 90 90 90 90 0 0 0 0 0 0 0 0 0 0 
10 10 10 10 10 10 10 10 10 10 20 20 20 20 20 20 20 20 20 20 30 30 30 30 30 30 30 30 30 30 40 40 40 40 40 40 40 40 40 40 50 50 50 50 50 50 50 50 50 50 60 60 60 60 60 60 60 60 60 60 70 70 70 70 70 70 70 70 70 70 80 80 80 80 80 80 80 80 80 80 90 90 90 90 90 90 90 90 90 90 0 0 0 0 0 0 0 0 0 0 
10 10 10 10 10 10 10 10 10 10 20 20 20 20 20 20 20 20 20 20 30 30 30 30 30 30 30 30 30 30 40 40 40 40 40 40 40 40 40 40 50 50 50 50 50 50 50 50 50 50 60 60 60 60 60 60 60 60 60 60 70 70 70 70 70 70 70 70 70 70 80 80 80 80 80 80 80 80 80 80 90 90 90 90 90 90 90 90 90 90 0 0 0 0 0 0 0 0 0 0 
10 10 10 10 10 10 10 10 10 10 20 20 20 20 20 20 20 20 20 20 30 30 30 30 30 30 30 30 30 30 40 40 40 40 40 40 40 40 40 40 50 50 50 50 50 50 50 50 50 50 60 60 60 60 60 60 60 60 60 60 70 70 70 70 70 70 70 70 70 70 80 80 80 80 80 80 80 80 80 80 90 90 90 90 90 90 90 90 90 90 0 0 0 0 0 0 0 0 0 0 
10 10 10 10 10 10 10 10 10 10 20 20 20 20 20 20 20 20 20 20 30 30 30 30 30 30 30 30 30 30 40 40 40 40 40 40 40 40 40 40 50 50 50 50 50 50 50 50 50 50 60 60 60 60 60 60 60 60 60 60 70 70 70 70 70 70 70 70 70 70 80 80 80 80 80 80 80 80 80 80 90 90 90 90 90 90 90 90 90 90 0 0 0 0 0 0 0 0 0 0 
10 10 10 10 10 10 10 10 10 10 20 20 20 20 20 20 20 20 20 20 30 30 30 30 30 30 30 30 30 30 40 40 40 40 40 40 40 40 40 40 50 50 50 50 50 50 50 50 50 50 60 60 60 60 60 60 60 60 60 60 70 70 70 70 70 70 70 70 70 70 80 80 80 80 80 80 80 80 80 80 90 90 90 90 90 90 90 90 90 90 0 0 0 0 0 0 0 0 0 0 
10 10 10 10 10 10 10 10 10 10 20 20 20 20 20 20 20 20 20 20 30 30 30 30 30 30 30 30 30 30 40 40 40 40 40 40 40 40 40 40 50 50 50 50 50 50 50 50 50 50 60 60 60 60 60 60 60 60 60 60 70 70 70 70 70 70 70 70 70 70 80 80 80 80 80 80 80 80 80 80 90 90 90 90 90 90 90 90 90 90 0 0 0 0 0 0 0 0 0 0 

$transfer (resp. load/unload) time from (j-1)-th to j-th operation of job i; first of line is loading time, last of line is unloading time (for blocking job shop)
  2  8 10  2  5  5 13  4 14 10 10
  6  1 14 18  9  7 11 13 11 11 11
 13 17 18 16 10 13  5  9  4  3  9
 20  7 12 14  2 14 15  8  9 16  8
 14 15  6 18 12  7  5 14  4  1 11
 16  3 10 16 12  9 17 11 17  6  6
 12  4 18 11 16 13 16  6  3 13 14
 11 13  4 20  6  1  5 14 18 14  6
 18  3  6  2 15 14 20 12 14  4 12
  6  3 20  6 17  4 15  7 10  8 12

$time gaps between two consecutive operations of same job, can be negative,(one line for each job, #ofOpsOfThatJob-1 entries in one line) (for no-wait job shop)
0 0 0 0 0 0 0 0 0 
0 0 0 0 0 0 0 0 0 
0 0 0 0 0 0 0 0 0 
0 0 0 0 0 0 0 0 0 
0 0 0 0 0 0 0 0 0 
0 0 0 0 0 0 0 0 0 
0 0 0 0 0 0 0 0 0 
0 0 0 0 0 0 0 0 0 
0 0 0 0 0 0 0 0 0 
0 0 0 0 0 0 0 0 0 
