$instance la18
$Lawrence 10x10 instance (Table 6, instance 3); also called (seta3) or (A3)
10 10
6 54 0 87 4 48 3 60 7 39 8 35 1 72 5 95 2 66 9 5 
3 20 9 46 6 34 5 55 0 97 8 19 4 59 2 21 7 37 1 46 
4 45 1 24 8 28 0 28 7 83 6 78 5 23 3 25 9 5 2 73 
9 12 1 37 4 38 3 71 8 33 2 12 6 55 0 53 7 87 5 29 
3 83 2 49 6 23 9 27 7 65 0 48 4 90 5 7 1 40 8 17 
1 66 4 25 0 62 2 84 9 13 6 64 7 46 8 59 5 19 3 85 
1 73 3 80 0 41 2 53 9 47 7 57 8 74 4 14 6 67 5 88 
5 64 3 84 6 46 1 78 0 84 7 26 8 28 9 52 2 41 4 63 
1 11 0 64 7 67 4 85 3 10 5 73 9 38 8 95 6 97 2 17 
4 60 8 32 2 95 3 93 1 65 6 85 7 43 9 85 5 46 0 59 

$initial setup times (for each operation) 
10 10 10 10 10 10 10 10 10 10 20 20 20 20 20 20 20 20 20 20 30 30 30 30 30 30 30 30 30 30 40 40 40 40 40 40 40 40 40 40 50 50 50 50 50 50 50 50 50 50 60 60 60 60 60 60 60 60 60 60 70 70 70 70 70 70 70 70 70 70 80 80 80 80 80 80 80 80 80 80 90 90 90 90 90 90 90 90 90 90 100 100 100 100 100 100 100 100 100 100 

$final setup times (for each operation)
0 0 0 0 0 0 0 0 0 0 0 0 0 0 0 0 0 0 0 0 0 0 0 0 0 0 0 0 0 0 0 0 0 0 0 0 0 0 0 0 0 0 0 0 0 0 0 0 0 0 0 0 0 0 0 0 0 0 0 0 0 0 0 0 0 0 0 0 0 0 0 0 0 0 0 0 0 0 0 0 0 0 0 0 0 0 0 0 0 0 0 0 0 0 0 0 0 0 0 0 

$setup times between each pair of operations (from op -> to op)
0 0 0 0 0 0 0 0 0 0 10 10 10 10 10 10 10 10 10 10 20 20 20 20 20 20 20 20 20 20 30 30 30 30 30 30 30 30 30 30 40 40 40 40 40 40 40 40 40 40 50 50 50 50 50 50 50 50 50 50 60 60 60 60 60 60 60 60 60 60 70 70 70 70 70 70 70 70 70 70 80 80 80 80 80 80 80 80 80 80 90 90 90 90 90 90 90 90 90 90 
0 0 0 0 0 0 0 0 0 0 10 10 10 10 10 10 10 10 10 10 20 20 20 20 20 20 20 20 20 20 30 30 30 30 30 30 30 30 30 30 40 40 40 40 40 40 40 40 40 40 50 50 50 50 50 50 50 50 50 50 60 60 60 60 60 60 60 60 60 60 70 70 70 70 70 70 70 70 70 70 80 80 80 80 80 80 80 80 80 80 90 90 90 90 90 90 90 90 90 90 
0 0 0 0 0 0 0 0 0 0 10 10 10 10 10 10 10 10 10 10 20 20 20 20 20 20 20 20 20 20 30 30 30 30 30 30 30 30 30 30 40 40 40 40 40 40 40 40 40 40 50 50 50 50 50 50 50 50 50 50 60 60 60 60 60 60 60 60 60 60 70 70 70 70 70 70 70 70 70 70 80 80 80 80 80 80 80 80 80 80 90 90 90 90 90 90 90 90 90 90 
0 0 0 0 0 0 0 0 0 0 10 10 10 10 10 10 10 10 10 10 20 20 20 20 20 20 20 20 20 20 30 30 30 30 30 30 30 30 30 30 40 40 40 40 40 40 40 40 40 40 50 50 50 50 50 50 50 50 50 50 60 60 60 60 60 60 60 60 60 60 70 70 70 70 70 70 70 70 70 70 80 80 80 80 80 80 80 80 80 80 90 90 90 90 90 90 90 90 90 90 
0 0 0 0 0 0 0 0 0 0 10 10 10 10 10 10 10 10 10 10 20 20 20 20 20 20 20 20 20 20 30 30 30 30 30 30 30 30 30 30 40 40 40 40 40 40 40 40 40 40 50 50 50 50 50 50 50 50 50 50 60 60 60 60 60 60 60 60 60 60 70 70 70 70 70 70 70 70 70 70 80 80 80 80 80 80 80 80 80 80 90 90 90 90 90 90 90 90 90 90 
0 0 0 0 0 0 0 0 0 0 10 10 10 10 10 10 10 10 10 10 20 20 20 20 20 20 20 20 20 20 30 30 30 30 30 30 30 30 30 30 40 40 40 40 40 40 40 40 40 40 50 50 50 50 50 50 50 50 50 50 60 60 60 60 60 60 60 60 60 60 70 70 70 70 70 70 70 70 70 70 80 80 80 80 80 80 80 80 80 80 90 90 90 90 90 90 90 90 90 90 
0 0 0 0 0 0 0 0 0 0 10 10 10 10 10 10 10 10 10 10 20 20 20 20 20 20 20 20 20 20 30 30 30 30 30 30 30 30 30 30 40 40 40 40 40 40 40 40 40 40 50 50 50 50 50 50 50 50 50 50 60 60 60 60 60 60 60 60 60 60 70 70 70 70 70 70 70 70 70 70 80 80 80 80 80 80 80 80 80 80 90 90 90 90 90 90 90 90 90 90 
0 0 0 0 0 0 0 0 0 0 10 10 10 10 10 10 10 10 10 10 20 20 20 20 20 20 20 20 20 20 30 30 30 30 30 30 30 30 30 30 40 40 40 40 40 40 40 40 40 40 50 50 50 50 50 50 50 50 50 50 60 60 60 60 60 60 60 60 60 60 70 70 70 70 70 70 70 70 70 70 80 80 80 80 80 80 80 80 80 80 90 90 90 90 90 90 90 90 90 90 
0 0 0 0 0 0 0 0 0 0 10 10 10 10 10 10 10 10 10 10 20 20 20 20 20 20 20 20 20 20 30 30 30 30 30 30 30 30 30 30 40 40 40 40 40 40 40 40 40 40 50 50 50 50 50 50 50 50 50 50 60 60 60 60 60 60 60 60 60 60 70 70 70 70 70 70 70 70 70 70 80 80 80 80 80 80 80 80 80 80 90 90 90 90 90 90 90 90 90 90 
0 0 0 0 0 0 0 0 0 0 10 10 10 10 10 10 10 10 10 10 20 20 20 20 20 20 20 20 20 20 30 30 30 30 30 30 30 30 30 30 40 40 40 40 40 40 40 40 40 40 50 50 50 50 50 50 50 50 50 50 60 60 60 60 60 60 60 60 60 60 70 70 70 70 70 70 70 70 70 70 80 80 80 80 80 80 80 80 80 80 90 90 90 90 90 90 90 90 90 90 
90 90 90 90 90 90 90 90 90 90 0 0 0 0 0 0 0 0 0 0 10 10 10 10 10 10 10 10 10 10 20 20 20 20 20 20 20 20 20 20 30 30 30 30 30 30 30 30 30 30 40 40 40 40 40 40 40 40 40 40 50 50 50 50 50 50 50 50 50 50 60 60 60 60 60 60 60 60 60 60 70 70 70 70 70 70 70 70 70 70 80 80 80 80 80 80 80 80 80 80 
90 90 90 90 90 90 90 90 90 90 0 0 0 0 0 0 0 0 0 0 10 10 10 10 10 10 10 10 10 10 20 20 20 20 20 20 20 20 20 20 30 30 30 30 30 30 30 30 30 30 40 40 40 40 40 40 40 40 40 40 50 50 50 50 50 50 50 50 50 50 60 60 60 60 60 60 60 60 60 60 70 70 70 70 70 70 70 70 70 70 80 80 80 80 80 80 80 80 80 80 
90 90 90 90 90 90 90 90 90 90 0 0 0 0 0 0 0 0 0 0 10 10 10 10 10 10 10 10 10 10 20 20 20 20 20 20 20 20 20 20 30 30 30 30 30 30 30 30 30 30 40 40 40 40 40 40 40 40 40 40 50 50 50 50 50 50 50 50 50 50 60 60 60 60 60 60 60 60 60 60 70 70 70 70 70 70 70 70 70 70 80 80 80 80 80 80 80 80 80 80 
90 90 90 90 90 90 90 90 90 90 0 0 0 0 0 0 0 0 0 0 10 10 10 10 10 10 10 10 10 10 20 20 20 20 20 20 20 20 20 20 30 30 30 30 30 30 30 30 30 30 40 40 40 40 40 40 40 40 40 40 50 50 50 50 50 50 50 50 50 50 60 60 60 60 60 60 60 60 60 60 70 70 70 70 70 70 70 70 70 70 80 80 80 80 80 80 80 80 80 80 
90 90 90 90 90 90 90 90 90 90 0 0 0 0 0 0 0 0 0 0 10 10 10 10 10 10 10 10 10 10 20 20 20 20 20 20 20 20 20 20 30 30 30 30 30 30 30 30 30 30 40 40 40 40 40 40 40 40 40 40 50 50 50 50 50 50 50 50 50 50 60 60 60 60 60 60 60 60 60 60 70 70 70 70 70 70 70 70 70 70 80 80 80 80 80 80 80 80 80 80 
90 90 90 90 90 90 90 90 90 90 0 0 0 0 0 0 0 0 0 0 10 10 10 10 10 10 10 10 10 10 20 20 20 20 20 20 20 20 20 20 30 30 30 30 30 30 30 30 30 30 40 40 40 40 40 40 40 40 40 40 50 50 50 50 50 50 50 50 50 50 60 60 60 60 60 60 60 60 60 60 70 70 70 70 70 70 70 70 70 70 80 80 80 80 80 80 80 80 80 80 
90 90 90 90 90 90 90 90 90 90 0 0 0 0 0 0 0 0 0 0 10 10 10 10 10 10 10 10 10 10 20 20 20 20 20 20 20 20 20 20 30 30 30 30 30 30 30 30 30 30 40 40 40 40 40 40 40 40 40 40 50 50 50 50 50 50 50 50 50 50 60 60 60 60 60 60 60 60 60 60 70 70 70 70 70 70 70 70 70 70 80 80 80 80 80 80 80 80 80 80 
90 90 90 90 90 90 90 90 90 90 0 0 0 0 0 0 0 0 0 0 10 10 10 10 10 10 10 10 10 10 20 20 20 20 20 20 20 20 20 20 30 30 30 30 30 30 30 30 30 30 40 40 40 40 40 40 40 40 40 40 50 50 50 50 50 50 50 50 50 50 60 60 60 60 60 60 60 60 60 60 70 70 70 70 70 70 70 70 70 70 80 80 80 80 80 80 80 80 80 80 
90 90 90 90 90 90 90 90 90 90 0 0 0 0 0 0 0 0 0 0 10 10 10 10 10 10 10 10 10 10 20 20 20 20 20 20 20 20 20 20 30 30 30 30 30 30 30 30 30 30 40 40 40 40 40 40 40 40 40 40 50 50 50 50 50 50 50 50 50 50 60 60 60 60 60 60 60 60 60 60 70 70 70 70 70 70 70 70 70 70 80 80 80 80 80 80 80 80 80 80 
90 90 90 90 90 90 90 90 90 90 0 0 0 0 0 0 0 0 0 0 10 10 10 10 10 10 10 10 10 10 20 20 20 20 20 20 20 20 20 20 30 30 30 30 30 30 30 30 30 30 40 40 40 40 40 40 40 40 40 40 50 50 50 50 50 50 50 50 50 50 60 60 60 60 60 60 60 60 60 60 70 70 70 70 70 70 70 70 70 70 80 80 80 80 80 80 80 80 80 80 
80 80 80 80 80 80 80 80 80 80 90 90 90 90 90 90 90 90 90 90 0 0 0 0 0 0 0 0 0 0 10 10 10 10 10 10 10 10 10 10 20 20 20 20 20 20 20 20 20 20 30 30 30 30 30 30 30 30 30 30 40 40 40 40 40 40 40 40 40 40 50 50 50 50 50 50 50 50 50 50 60 60 60 60 60 60 60 60 60 60 70 70 70 70 70 70 70 70 70 70 
80 80 80 80 80 80 80 80 80 80 90 90 90 90 90 90 90 90 90 90 0 0 0 0 0 0 0 0 0 0 10 10 10 10 10 10 10 10 10 10 20 20 20 20 20 20 20 20 20 20 30 30 30 30 30 30 30 30 30 30 40 40 40 40 40 40 40 40 40 40 50 50 50 50 50 50 50 50 50 50 60 60 60 60 60 60 60 60 60 60 70 70 70 70 70 70 70 70 70 70 
80 80 80 80 80 80 80 80 80 80 90 90 90 90 90 90 90 90 90 90 0 0 0 0 0 0 0 0 0 0 10 10 10 10 10 10 10 10 10 10 20 20 20 20 20 20 20 20 20 20 30 30 30 30 30 30 30 30 30 30 40 40 40 40 40 40 40 40 40 40 50 50 50 50 50 50 50 50 50 50 60 60 60 60 60 60 60 60 60 60 70 70 70 70 70 70 70 70 70 70 
80 80 80 80 80 80 80 80 80 80 90 90 90 90 90 90 90 90 90 90 0 0 0 0 0 0 0 0 0 0 10 10 10 10 10 10 10 10 10 10 20 20 20 20 20 20 20 20 20 20 30 30 30 30 30 30 30 30 30 30 40 40 40 40 40 40 40 40 40 40 50 50 50 50 50 50 50 50 50 50 60 60 60 60 60 60 60 60 60 60 70 70 70 70 70 70 70 70 70 70 
80 80 80 80 80 80 80 80 80 80 90 90 90 90 90 90 90 90 90 90 0 0 0 0 0 0 0 0 0 0 10 10 10 10 10 10 10 10 10 10 20 20 20 20 20 20 20 20 20 20 30 30 30 30 30 30 30 30 30 30 40 40 40 40 40 40 40 40 40 40 50 50 50 50 50 50 50 50 50 50 60 60 60 60 60 60 60 60 60 60 70 70 70 70 70 70 70 70 70 70 
80 80 80 80 80 80 80 80 80 80 90 90 90 90 90 90 90 90 90 90 0 0 0 0 0 0 0 0 0 0 10 10 10 10 10 10 10 10 10 10 20 20 20 20 20 20 20 20 20 20 30 30 30 30 30 30 30 30 30 30 40 40 40 40 40 40 40 40 40 40 50 50 50 50 50 50 50 50 50 50 60 60 60 60 60 60 60 60 60 60 70 70 70 70 70 70 70 70 70 70 
80 80 80 80 80 80 80 80 80 80 90 90 90 90 90 90 90 90 90 90 0 0 0 0 0 0 0 0 0 0 10 10 10 10 10 10 10 10 10 10 20 20 20 20 20 20 20 20 20 20 30 30 30 30 30 30 30 30 30 30 40 40 40 40 40 40 40 40 40 40 50 50 50 50 50 50 50 50 50 50 60 60 60 60 60 60 60 60 60 60 70 70 70 70 70 70 70 70 70 70 
80 80 80 80 80 80 80 80 80 80 90 90 90 90 90 90 90 90 90 90 0 0 0 0 0 0 0 0 0 0 10 10 10 10 10 10 10 10 10 10 20 20 20 20 20 20 20 20 20 20 30 30 30 30 30 30 30 30 30 30 40 40 40 40 40 40 40 40 40 40 50 50 50 50 50 50 50 50 50 50 60 60 60 60 60 60 60 60 60 60 70 70 70 70 70 70 70 70 70 70 
80 80 80 80 80 80 80 80 80 80 90 90 90 90 90 90 90 90 90 90 0 0 0 0 0 0 0 0 0 0 10 10 10 10 10 10 10 10 10 10 20 20 20 20 20 20 20 20 20 20 30 30 30 30 30 30 30 30 30 30 40 40 40 40 40 40 40 40 40 40 50 50 50 50 50 50 50 50 50 50 60 60 60 60 60 60 60 60 60 60 70 70 70 70 70 70 70 70 70 70 
80 80 80 80 80 80 80 80 80 80 90 90 90 90 90 90 90 90 90 90 0 0 0 0 0 0 0 0 0 0 10 10 10 10 10 10 10 10 10 10 20 20 20 20 20 20 20 20 20 20 30 30 30 30 30 30 30 30 30 30 40 40 40 40 40 40 40 40 40 40 50 50 50 50 50 50 50 50 50 50 60 60 60 60 60 60 60 60 60 60 70 70 70 70 70 70 70 70 70 70 
70 70 70 70 70 70 70 70 70 70 80 80 80 80 80 80 80 80 80 80 90 90 90 90 90 90 90 90 90 90 0 0 0 0 0 0 0 0 0 0 10 10 10 10 10 10 10 10 10 10 20 20 20 20 20 20 20 20 20 20 30 30 30 30 30 30 30 30 30 30 40 40 40 40 40 40 40 40 40 40 50 50 50 50 50 50 50 50 50 50 60 60 60 60 60 60 60 60 60 60 
70 70 70 70 70 70 70 70 70 70 80 80 80 80 80 80 80 80 80 80 90 90 90 90 90 90 90 90 90 90 0 0 0 0 0 0 0 0 0 0 10 10 10 10 10 10 10 10 10 10 20 20 20 20 20 20 20 20 20 20 30 30 30 30 30 30 30 30 30 30 40 40 40 40 40 40 40 40 40 40 50 50 50 50 50 50 50 50 50 50 60 60 60 60 60 60 60 60 60 60 
70 70 70 70 70 70 70 70 70 70 80 80 80 80 80 80 80 80 80 80 90 90 90 90 90 90 90 90 90 90 0 0 0 0 0 0 0 0 0 0 10 10 10 10 10 10 10 10 10 10 20 20 20 20 20 20 20 20 20 20 30 30 30 30 30 30 30 30 30 30 40 40 40 40 40 40 40 40 40 40 50 50 50 50 50 50 50 50 50 50 60 60 60 60 60 60 60 60 60 60 
70 70 70 70 70 70 70 70 70 70 80 80 80 80 80 80 80 80 80 80 90 90 90 90 90 90 90 90 90 90 0 0 0 0 0 0 0 0 0 0 10 10 10 10 10 10 10 10 10 10 20 20 20 20 20 20 20 20 20 20 30 30 30 30 30 30 30 30 30 30 40 40 40 40 40 40 40 40 40 40 50 50 50 50 50 50 50 50 50 50 60 60 60 60 60 60 60 60 60 60 
70 70 70 70 70 70 70 70 70 70 80 80 80 80 80 80 80 80 80 80 90 90 90 90 90 90 90 90 90 90 0 0 0 0 0 0 0 0 0 0 10 10 10 10 10 10 10 10 10 10 20 20 20 20 20 20 20 20 20 20 30 30 30 30 30 30 30 30 30 30 40 40 40 40 40 40 40 40 40 40 50 50 50 50 50 50 50 50 50 50 60 60 60 60 60 60 60 60 60 60 
70 70 70 70 70 70 70 70 70 70 80 80 80 80 80 80 80 80 80 80 90 90 90 90 90 90 90 90 90 90 0 0 0 0 0 0 0 0 0 0 10 10 10 10 10 10 10 10 10 10 20 20 20 20 20 20 20 20 20 20 30 30 30 30 30 30 30 30 30 30 40 40 40 40 40 40 40 40 40 40 50 50 50 50 50 50 50 50 50 50 60 60 60 60 60 60 60 60 60 60 
70 70 70 70 70 70 70 70 70 70 80 80 80 80 80 80 80 80 80 80 90 90 90 90 90 90 90 90 90 90 0 0 0 0 0 0 0 0 0 0 10 10 10 10 10 10 10 10 10 10 20 20 20 20 20 20 20 20 20 20 30 30 30 30 30 30 30 30 30 30 40 40 40 40 40 40 40 40 40 40 50 50 50 50 50 50 50 50 50 50 60 60 60 60 60 60 60 60 60 60 
70 70 70 70 70 70 70 70 70 70 80 80 80 80 80 80 80 80 80 80 90 90 90 90 90 90 90 90 90 90 0 0 0 0 0 0 0 0 0 0 10 10 10 10 10 10 10 10 10 10 20 20 20 20 20 20 20 20 20 20 30 30 30 30 30 30 30 30 30 30 40 40 40 40 40 40 40 40 40 40 50 50 50 50 50 50 50 50 50 50 60 60 60 60 60 60 60 60 60 60 
70 70 70 70 70 70 70 70 70 70 80 80 80 80 80 80 80 80 80 80 90 90 90 90 90 90 90 90 90 90 0 0 0 0 0 0 0 0 0 0 10 10 10 10 10 10 10 10 10 10 20 20 20 20 20 20 20 20 20 20 30 30 30 30 30 30 30 30 30 30 40 40 40 40 40 40 40 40 40 40 50 50 50 50 50 50 50 50 50 50 60 60 60 60 60 60 60 60 60 60 
70 70 70 70 70 70 70 70 70 70 80 80 80 80 80 80 80 80 80 80 90 90 90 90 90 90 90 90 90 90 0 0 0 0 0 0 0 0 0 0 10 10 10 10 10 10 10 10 10 10 20 20 20 20 20 20 20 20 20 20 30 30 30 30 30 30 30 30 30 30 40 40 40 40 40 40 40 40 40 40 50 50 50 50 50 50 50 50 50 50 60 60 60 60 60 60 60 60 60 60 
60 60 60 60 60 60 60 60 60 60 70 70 70 70 70 70 70 70 70 70 80 80 80 80 80 80 80 80 80 80 90 90 90 90 90 90 90 90 90 90 0 0 0 0 0 0 0 0 0 0 10 10 10 10 10 10 10 10 10 10 20 20 20 20 20 20 20 20 20 20 30 30 30 30 30 30 30 30 30 30 40 40 40 40 40 40 40 40 40 40 50 50 50 50 50 50 50 50 50 50 
60 60 60 60 60 60 60 60 60 60 70 70 70 70 70 70 70 70 70 70 80 80 80 80 80 80 80 80 80 80 90 90 90 90 90 90 90 90 90 90 0 0 0 0 0 0 0 0 0 0 10 10 10 10 10 10 10 10 10 10 20 20 20 20 20 20 20 20 20 20 30 30 30 30 30 30 30 30 30 30 40 40 40 40 40 40 40 40 40 40 50 50 50 50 50 50 50 50 50 50 
60 60 60 60 60 60 60 60 60 60 70 70 70 70 70 70 70 70 70 70 80 80 80 80 80 80 80 80 80 80 90 90 90 90 90 90 90 90 90 90 0 0 0 0 0 0 0 0 0 0 10 10 10 10 10 10 10 10 10 10 20 20 20 20 20 20 20 20 20 20 30 30 30 30 30 30 30 30 30 30 40 40 40 40 40 40 40 40 40 40 50 50 50 50 50 50 50 50 50 50 
60 60 60 60 60 60 60 60 60 60 70 70 70 70 70 70 70 70 70 70 80 80 80 80 80 80 80 80 80 80 90 90 90 90 90 90 90 90 90 90 0 0 0 0 0 0 0 0 0 0 10 10 10 10 10 10 10 10 10 10 20 20 20 20 20 20 20 20 20 20 30 30 30 30 30 30 30 30 30 30 40 40 40 40 40 40 40 40 40 40 50 50 50 50 50 50 50 50 50 50 
60 60 60 60 60 60 60 60 60 60 70 70 70 70 70 70 70 70 70 70 80 80 80 80 80 80 80 80 80 80 90 90 90 90 90 90 90 90 90 90 0 0 0 0 0 0 0 0 0 0 10 10 10 10 10 10 10 10 10 10 20 20 20 20 20 20 20 20 20 20 30 30 30 30 30 30 30 30 30 30 40 40 40 40 40 40 40 40 40 40 50 50 50 50 50 50 50 50 50 50 
60 60 60 60 60 60 60 60 60 60 70 70 70 70 70 70 70 70 70 70 80 80 80 80 80 80 80 80 80 80 90 90 90 90 90 90 90 90 90 90 0 0 0 0 0 0 0 0 0 0 10 10 10 10 10 10 10 10 10 10 20 20 20 20 20 20 20 20 20 20 30 30 30 30 30 30 30 30 30 30 40 40 40 40 40 40 40 40 40 40 50 50 50 50 50 50 50 50 50 50 
60 60 60 60 60 60 60 60 60 60 70 70 70 70 70 70 70 70 70 70 80 80 80 80 80 80 80 80 80 80 90 90 90 90 90 90 90 90 90 90 0 0 0 0 0 0 0 0 0 0 10 10 10 10 10 10 10 10 10 10 20 20 20 20 20 20 20 20 20 20 30 30 30 30 30 30 30 30 30 30 40 40 40 40 40 40 40 40 40 40 50 50 50 50 50 50 50 50 50 50 
60 60 60 60 60 60 60 60 60 60 70 70 70 70 70 70 70 70 70 70 80 80 80 80 80 80 80 80 80 80 90 90 90 90 90 90 90 90 90 90 0 0 0 0 0 0 0 0 0 0 10 10 10 10 10 10 10 10 10 10 20 20 20 20 20 20 20 20 20 20 30 30 30 30 30 30 30 30 30 30 40 40 40 40 40 40 40 40 40 40 50 50 50 50 50 50 50 50 50 50 
60 60 60 60 60 60 60 60 60 60 70 70 70 70 70 70 70 70 70 70 80 80 80 80 80 80 80 80 80 80 90 90 90 90 90 90 90 90 90 90 0 0 0 0 0 0 0 0 0 0 10 10 10 10 10 10 10 10 10 10 20 20 20 20 20 20 20 20 20 20 30 30 30 30 30 30 30 30 30 30 40 40 40 40 40 40 40 40 40 40 50 50 50 50 50 50 50 50 50 50 
60 60 60 60 60 60 60 60 60 60 70 70 70 70 70 70 70 70 70 70 80 80 80 80 80 80 80 80 80 80 90 90 90 90 90 90 90 90 90 90 0 0 0 0 0 0 0 0 0 0 10 10 10 10 10 10 10 10 10 10 20 20 20 20 20 20 20 20 20 20 30 30 30 30 30 30 30 30 30 30 40 40 40 40 40 40 40 40 40 40 50 50 50 50 50 50 50 50 50 50 
50 50 50 50 50 50 50 50 50 50 60 60 60 60 60 60 60 60 60 60 70 70 70 70 70 70 70 70 70 70 80 80 80 80 80 80 80 80 80 80 90 90 90 90 90 90 90 90 90 90 0 0 0 0 0 0 0 0 0 0 10 10 10 10 10 10 10 10 10 10 20 20 20 20 20 20 20 20 20 20 30 30 30 30 30 30 30 30 30 30 40 40 40 40 40 40 40 40 40 40 
50 50 50 50 50 50 50 50 50 50 60 60 60 60 60 60 60 60 60 60 70 70 70 70 70 70 70 70 70 70 80 80 80 80 80 80 80 80 80 80 90 90 90 90 90 90 90 90 90 90 0 0 0 0 0 0 0 0 0 0 10 10 10 10 10 10 10 10 10 10 20 20 20 20 20 20 20 20 20 20 30 30 30 30 30 30 30 30 30 30 40 40 40 40 40 40 40 40 40 40 
50 50 50 50 50 50 50 50 50 50 60 60 60 60 60 60 60 60 60 60 70 70 70 70 70 70 70 70 70 70 80 80 80 80 80 80 80 80 80 80 90 90 90 90 90 90 90 90 90 90 0 0 0 0 0 0 0 0 0 0 10 10 10 10 10 10 10 10 10 10 20 20 20 20 20 20 20 20 20 20 30 30 30 30 30 30 30 30 30 30 40 40 40 40 40 40 40 40 40 40 
50 50 50 50 50 50 50 50 50 50 60 60 60 60 60 60 60 60 60 60 70 70 70 70 70 70 70 70 70 70 80 80 80 80 80 80 80 80 80 80 90 90 90 90 90 90 90 90 90 90 0 0 0 0 0 0 0 0 0 0 10 10 10 10 10 10 10 10 10 10 20 20 20 20 20 20 20 20 20 20 30 30 30 30 30 30 30 30 30 30 40 40 40 40 40 40 40 40 40 40 
50 50 50 50 50 50 50 50 50 50 60 60 60 60 60 60 60 60 60 60 70 70 70 70 70 70 70 70 70 70 80 80 80 80 80 80 80 80 80 80 90 90 90 90 90 90 90 90 90 90 0 0 0 0 0 0 0 0 0 0 10 10 10 10 10 10 10 10 10 10 20 20 20 20 20 20 20 20 20 20 30 30 30 30 30 30 30 30 30 30 40 40 40 40 40 40 40 40 40 40 
50 50 50 50 50 50 50 50 50 50 60 60 60 60 60 60 60 60 60 60 70 70 70 70 70 70 70 70 70 70 80 80 80 80 80 80 80 80 80 80 90 90 90 90 90 90 90 90 90 90 0 0 0 0 0 0 0 0 0 0 10 10 10 10 10 10 10 10 10 10 20 20 20 20 20 20 20 20 20 20 30 30 30 30 30 30 30 30 30 30 40 40 40 40 40 40 40 40 40 40 
50 50 50 50 50 50 50 50 50 50 60 60 60 60 60 60 60 60 60 60 70 70 70 70 70 70 70 70 70 70 80 80 80 80 80 80 80 80 80 80 90 90 90 90 90 90 90 90 90 90 0 0 0 0 0 0 0 0 0 0 10 10 10 10 10 10 10 10 10 10 20 20 20 20 20 20 20 20 20 20 30 30 30 30 30 30 30 30 30 30 40 40 40 40 40 40 40 40 40 40 
50 50 50 50 50 50 50 50 50 50 60 60 60 60 60 60 60 60 60 60 70 70 70 70 70 70 70 70 70 70 80 80 80 80 80 80 80 80 80 80 90 90 90 90 90 90 90 90 90 90 0 0 0 0 0 0 0 0 0 0 10 10 10 10 10 10 10 10 10 10 20 20 20 20 20 20 20 20 20 20 30 30 30 30 30 30 30 30 30 30 40 40 40 40 40 40 40 40 40 40 
50 50 50 50 50 50 50 50 50 50 60 60 60 60 60 60 60 60 60 60 70 70 70 70 70 70 70 70 70 70 80 80 80 80 80 80 80 80 80 80 90 90 90 90 90 90 90 90 90 90 0 0 0 0 0 0 0 0 0 0 10 10 10 10 10 10 10 10 10 10 20 20 20 20 20 20 20 20 20 20 30 30 30 30 30 30 30 30 30 30 40 40 40 40 40 40 40 40 40 40 
50 50 50 50 50 50 50 50 50 50 60 60 60 60 60 60 60 60 60 60 70 70 70 70 70 70 70 70 70 70 80 80 80 80 80 80 80 80 80 80 90 90 90 90 90 90 90 90 90 90 0 0 0 0 0 0 0 0 0 0 10 10 10 10 10 10 10 10 10 10 20 20 20 20 20 20 20 20 20 20 30 30 30 30 30 30 30 30 30 30 40 40 40 40 40 40 40 40 40 40 
40 40 40 40 40 40 40 40 40 40 50 50 50 50 50 50 50 50 50 50 60 60 60 60 60 60 60 60 60 60 70 70 70 70 70 70 70 70 70 70 80 80 80 80 80 80 80 80 80 80 90 90 90 90 90 90 90 90 90 90 0 0 0 0 0 0 0 0 0 0 10 10 10 10 10 10 10 10 10 10 20 20 20 20 20 20 20 20 20 20 30 30 30 30 30 30 30 30 30 30 
40 40 40 40 40 40 40 40 40 40 50 50 50 50 50 50 50 50 50 50 60 60 60 60 60 60 60 60 60 60 70 70 70 70 70 70 70 70 70 70 80 80 80 80 80 80 80 80 80 80 90 90 90 90 90 90 90 90 90 90 0 0 0 0 0 0 0 0 0 0 10 10 10 10 10 10 10 10 10 10 20 20 20 20 20 20 20 20 20 20 30 30 30 30 30 30 30 30 30 30 
40 40 40 40 40 40 40 40 40 40 50 50 50 50 50 50 50 50 50 50 60 60 60 60 60 60 60 60 60 60 70 70 70 70 70 70 70 70 70 70 80 80 80 80 80 80 80 80 80 80 90 90 90 90 90 90 90 90 90 90 0 0 0 0 0 0 0 0 0 0 10 10 10 10 10 10 10 10 10 10 20 20 20 20 20 20 20 20 20 20 30 30 30 30 30 30 30 30 30 30 
40 40 40 40 40 40 40 40 40 40 50 50 50 50 50 50 50 50 50 50 60 60 60 60 60 60 60 60 60 60 70 70 70 70 70 70 70 70 70 70 80 80 80 80 80 80 80 80 80 80 90 90 90 90 90 90 90 90 90 90 0 0 0 0 0 0 0 0 0 0 10 10 10 10 10 10 10 10 10 10 20 20 20 20 20 20 20 20 20 20 30 30 30 30 30 30 30 30 30 30 
40 40 40 40 40 40 40 40 40 40 50 50 50 50 50 50 50 50 50 50 60 60 60 60 60 60 60 60 60 60 70 70 70 70 70 70 70 70 70 70 80 80 80 80 80 80 80 80 80 80 90 90 90 90 90 90 90 90 90 90 0 0 0 0 0 0 0 0 0 0 10 10 10 10 10 10 10 10 10 10 20 20 20 20 20 20 20 20 20 20 30 30 30 30 30 30 30 30 30 30 
40 40 40 40 40 40 40 40 40 40 50 50 50 50 50 50 50 50 50 50 60 60 60 60 60 60 60 60 60 60 70 70 70 70 70 70 70 70 70 70 80 80 80 80 80 80 80 80 80 80 90 90 90 90 90 90 90 90 90 90 0 0 0 0 0 0 0 0 0 0 10 10 10 10 10 10 10 10 10 10 20 20 20 20 20 20 20 20 20 20 30 30 30 30 30 30 30 30 30 30 
40 40 40 40 40 40 40 40 40 40 50 50 50 50 50 50 50 50 50 50 60 60 60 60 60 60 60 60 60 60 70 70 70 70 70 70 70 70 70 70 80 80 80 80 80 80 80 80 80 80 90 90 90 90 90 90 90 90 90 90 0 0 0 0 0 0 0 0 0 0 10 10 10 10 10 10 10 10 10 10 20 20 20 20 20 20 20 20 20 20 30 30 30 30 30 30 30 30 30 30 
40 40 40 40 40 40 40 40 40 40 50 50 50 50 50 50 50 50 50 50 60 60 60 60 60 60 60 60 60 60 70 70 70 70 70 70 70 70 70 70 80 80 80 80 80 80 80 80 80 80 90 90 90 90 90 90 90 90 90 90 0 0 0 0 0 0 0 0 0 0 10 10 10 10 10 10 10 10 10 10 20 20 20 20 20 20 20 20 20 20 30 30 30 30 30 30 30 30 30 30 
40 40 40 40 40 40 40 40 40 40 50 50 50 50 50 50 50 50 50 50 60 60 60 60 60 60 60 60 60 60 70 70 70 70 70 70 70 70 70 70 80 80 80 80 80 80 80 80 80 80 90 90 90 90 90 90 90 90 90 90 0 0 0 0 0 0 0 0 0 0 10 10 10 10 10 10 10 10 10 10 20 20 20 20 20 20 20 20 20 20 30 30 30 30 30 30 30 30 30 30 
40 40 40 40 40 40 40 40 40 40 50 50 50 50 50 50 50 50 50 50 60 60 60 60 60 60 60 60 60 60 70 70 70 70 70 70 70 70 70 70 80 80 80 80 80 80 80 80 80 80 90 90 90 90 90 90 90 90 90 90 0 0 0 0 0 0 0 0 0 0 10 10 10 10 10 10 10 10 10 10 20 20 20 20 20 20 20 20 20 20 30 30 30 30 30 30 30 30 30 30 
30 30 30 30 30 30 30 30 30 30 40 40 40 40 40 40 40 40 40 40 50 50 50 50 50 50 50 50 50 50 60 60 60 60 60 60 60 60 60 60 70 70 70 70 70 70 70 70 70 70 80 80 80 80 80 80 80 80 80 80 90 90 90 90 90 90 90 90 90 90 0 0 0 0 0 0 0 0 0 0 10 10 10 10 10 10 10 10 10 10 20 20 20 20 20 20 20 20 20 20 
30 30 30 30 30 30 30 30 30 30 40 40 40 40 40 40 40 40 40 40 50 50 50 50 50 50 50 50 50 50 60 60 60 60 60 60 60 60 60 60 70 70 70 70 70 70 70 70 70 70 80 80 80 80 80 80 80 80 80 80 90 90 90 90 90 90 90 90 90 90 0 0 0 0 0 0 0 0 0 0 10 10 10 10 10 10 10 10 10 10 20 20 20 20 20 20 20 20 20 20 
30 30 30 30 30 30 30 30 30 30 40 40 40 40 40 40 40 40 40 40 50 50 50 50 50 50 50 50 50 50 60 60 60 60 60 60 60 60 60 60 70 70 70 70 70 70 70 70 70 70 80 80 80 80 80 80 80 80 80 80 90 90 90 90 90 90 90 90 90 90 0 0 0 0 0 0 0 0 0 0 10 10 10 10 10 10 10 10 10 10 20 20 20 20 20 20 20 20 20 20 
30 30 30 30 30 30 30 30 30 30 40 40 40 40 40 40 40 40 40 40 50 50 50 50 50 50 50 50 50 50 60 60 60 60 60 60 60 60 60 60 70 70 70 70 70 70 70 70 70 70 80 80 80 80 80 80 80 80 80 80 90 90 90 90 90 90 90 90 90 90 0 0 0 0 0 0 0 0 0 0 10 10 10 10 10 10 10 10 10 10 20 20 20 20 20 20 20 20 20 20 
30 30 30 30 30 30 30 30 30 30 40 40 40 40 40 40 40 40 40 40 50 50 50 50 50 50 50 50 50 50 60 60 60 60 60 60 60 60 60 60 70 70 70 70 70 70 70 70 70 70 80 80 80 80 80 80 80 80 80 80 90 90 90 90 90 90 90 90 90 90 0 0 0 0 0 0 0 0 0 0 10 10 10 10 10 10 10 10 10 10 20 20 20 20 20 20 20 20 20 20 
30 30 30 30 30 30 30 30 30 30 40 40 40 40 40 40 40 40 40 40 50 50 50 50 50 50 50 50 50 50 60 60 60 60 60 60 60 60 60 60 70 70 70 70 70 70 70 70 70 70 80 80 80 80 80 80 80 80 80 80 90 90 90 90 90 90 90 90 90 90 0 0 0 0 0 0 0 0 0 0 10 10 10 10 10 10 10 10 10 10 20 20 20 20 20 20 20 20 20 20 
30 30 30 30 30 30 30 30 30 30 40 40 40 40 40 40 40 40 40 40 50 50 50 50 50 50 50 50 50 50 60 60 60 60 60 60 60 60 60 60 70 70 70 70 70 70 70 70 70 70 80 80 80 80 80 80 80 80 80 80 90 90 90 90 90 90 90 90 90 90 0 0 0 0 0 0 0 0 0 0 10 10 10 10 10 10 10 10 10 10 20 20 20 20 20 20 20 20 20 20 
30 30 30 30 30 30 30 30 30 30 40 40 40 40 40 40 40 40 40 40 50 50 50 50 50 50 50 50 50 50 60 60 60 60 60 60 60 60 60 60 70 70 70 70 70 70 70 70 70 70 80 80 80 80 80 80 80 80 80 80 90 90 90 90 90 90 90 90 90 90 0 0 0 0 0 0 0 0 0 0 10 10 10 10 10 10 10 10 10 10 20 20 20 20 20 20 20 20 20 20 
30 30 30 30 30 30 30 30 30 30 40 40 40 40 40 40 40 40 40 40 50 50 50 50 50 50 50 50 50 50 60 60 60 60 60 60 60 60 60 60 70 70 70 70 70 70 70 70 70 70 80 80 80 80 80 80 80 80 80 80 90 90 90 90 90 90 90 90 90 90 0 0 0 0 0 0 0 0 0 0 10 10 10 10 10 10 10 10 10 10 20 20 20 20 20 20 20 20 20 20 
30 30 30 30 30 30 30 30 30 30 40 40 40 40 40 40 40 40 40 40 50 50 50 50 50 50 50 50 50 50 60 60 60 60 60 60 60 60 60 60 70 70 70 70 70 70 70 70 70 70 80 80 80 80 80 80 80 80 80 80 90 90 90 90 90 90 90 90 90 90 0 0 0 0 0 0 0 0 0 0 10 10 10 10 10 10 10 10 10 10 20 20 20 20 20 20 20 20 20 20 
20 20 20 20 20 20 20 20 20 20 30 30 30 30 30 30 30 30 30 30 40 40 40 40 40 40 40 40 40 40 50 50 50 50 50 50 50 50 50 50 60 60 60 60 60 60 60 60 60 60 70 70 70 70 70 70 70 70 70 70 80 80 80 80 80 80 80 80 80 80 90 90 90 90 90 90 90 90 90 90 0 0 0 0 0 0 0 0 0 0 10 10 10 10 10 10 10 10 10 10 
20 20 20 20 20 20 20 20 20 20 30 30 30 30 30 30 30 30 30 30 40 40 40 40 40 40 40 40 40 40 50 50 50 50 50 50 50 50 50 50 60 60 60 60 60 60 60 60 60 60 70 70 70 70 70 70 70 70 70 70 80 80 80 80 80 80 80 80 80 80 90 90 90 90 90 90 90 90 90 90 0 0 0 0 0 0 0 0 0 0 10 10 10 10 10 10 10 10 10 10 
20 20 20 20 20 20 20 20 20 20 30 30 30 30 30 30 30 30 30 30 40 40 40 40 40 40 40 40 40 40 50 50 50 50 50 50 50 50 50 50 60 60 60 60 60 60 60 60 60 60 70 70 70 70 70 70 70 70 70 70 80 80 80 80 80 80 80 80 80 80 90 90 90 90 90 90 90 90 90 90 0 0 0 0 0 0 0 0 0 0 10 10 10 10 10 10 10 10 10 10 
20 20 20 20 20 20 20 20 20 20 30 30 30 30 30 30 30 30 30 30 40 40 40 40 40 40 40 40 40 40 50 50 50 50 50 50 50 50 50 50 60 60 60 60 60 60 60 60 60 60 70 70 70 70 70 70 70 70 70 70 80 80 80 80 80 80 80 80 80 80 90 90 90 90 90 90 90 90 90 90 0 0 0 0 0 0 0 0 0 0 10 10 10 10 10 10 10 10 10 10 
20 20 20 20 20 20 20 20 20 20 30 30 30 30 30 30 30 30 30 30 40 40 40 40 40 40 40 40 40 40 50 50 50 50 50 50 50 50 50 50 60 60 60 60 60 60 60 60 60 60 70 70 70 70 70 70 70 70 70 70 80 80 80 80 80 80 80 80 80 80 90 90 90 90 90 90 90 90 90 90 0 0 0 0 0 0 0 0 0 0 10 10 10 10 10 10 10 10 10 10 
20 20 20 20 20 20 20 20 20 20 30 30 30 30 30 30 30 30 30 30 40 40 40 40 40 40 40 40 40 40 50 50 50 50 50 50 50 50 50 50 60 60 60 60 60 60 60 60 60 60 70 70 70 70 70 70 70 70 70 70 80 80 80 80 80 80 80 80 80 80 90 90 90 90 90 90 90 90 90 90 0 0 0 0 0 0 0 0 0 0 10 10 10 10 10 10 10 10 10 10 
20 20 20 20 20 20 20 20 20 20 30 30 30 30 30 30 30 30 30 30 40 40 40 40 40 40 40 40 40 40 50 50 50 50 50 50 50 50 50 50 60 60 60 60 60 60 60 60 60 60 70 70 70 70 70 70 70 70 70 70 80 80 80 80 80 80 80 80 80 80 90 90 90 90 90 90 90 90 90 90 0 0 0 0 0 0 0 0 0 0 10 10 10 10 10 10 10 10 10 10 
20 20 20 20 20 20 20 20 20 20 30 30 30 30 30 30 30 30 30 30 40 40 40 40 40 40 40 40 40 40 50 50 50 50 50 50 50 50 50 50 60 60 60 60 60 60 60 60 60 60 70 70 70 70 70 70 70 70 70 70 80 80 80 80 80 80 80 80 80 80 90 90 90 90 90 90 90 90 90 90 0 0 0 0 0 0 0 0 0 0 10 10 10 10 10 10 10 10 10 10 
20 20 20 20 20 20 20 20 20 20 30 30 30 30 30 30 30 30 30 30 40 40 40 40 40 40 40 40 40 40 50 50 50 50 50 50 50 50 50 50 60 60 60 60 60 60 60 60 60 60 70 70 70 70 70 70 70 70 70 70 80 80 80 80 80 80 80 80 80 80 90 90 90 90 90 90 90 90 90 90 0 0 0 0 0 0 0 0 0 0 10 10 10 10 10 10 10 10 10 10 
20 20 20 20 20 20 20 20 20 20 30 30 30 30 30 30 30 30 30 30 40 40 40 40 40 40 40 40 40 40 50 50 50 50 50 50 50 50 50 50 60 60 60 60 60 60 60 60 60 60 70 70 70 70 70 70 70 70 70 70 80 80 80 80 80 80 80 80 80 80 90 90 90 90 90 90 90 90 90 90 0 0 0 0 0 0 0 0 0 0 10 10 10 10 10 10 10 10 10 10 
10 10 10 10 10 10 10 10 10 10 20 20 20 20 20 20 20 20 20 20 30 30 30 30 30 30 30 30 30 30 40 40 40 40 40 40 40 40 40 40 50 50 50 50 50 50 50 50 50 50 60 60 60 60 60 60 60 60 60 60 70 70 70 70 70 70 70 70 70 70 80 80 80 80 80 80 80 80 80 80 90 90 90 90 90 90 90 90 90 90 0 0 0 0 0 0 0 0 0 0 
10 10 10 10 10 10 10 10 10 10 20 20 20 20 20 20 20 20 20 20 30 30 30 30 30 30 30 30 30 30 40 40 40 40 40 40 40 40 40 40 50 50 50 50 50 50 50 50 50 50 60 60 60 60 60 60 60 60 60 60 70 70 70 70 70 70 70 70 70 70 80 80 80 80 80 80 80 80 80 80 90 90 90 90 90 90 90 90 90 90 0 0 0 0 0 0 0 0 0 0 
10 10 10 10 10 10 10 10 10 10 20 20 20 20 20 20 20 20 20 20 30 30 30 30 30 30 30 30 30 30 40 40 40 40 40 40 40 40 40 40 50 50 50 50 50 50 50 50 50 50 60 60 60 60 60 60 60 60 60 60 70 70 70 70 70 70 70 70 70 70 80 80 80 80 80 80 80 80 80 80 90 90 90 90 90 90 90 90 90 90 0 0 0 0 0 0 0 0 0 0 
10 10 10 10 10 10 10 10 10 10 20 20 20 20 20 20 20 20 20 20 30 30 30 30 30 30 30 30 30 30 40 40 40 40 40 40 40 40 40 40 50 50 50 50 50 50 50 50 50 50 60 60 60 60 60 60 60 60 60 60 70 70 70 70 70 70 70 70 70 70 80 80 80 80 80 80 80 80 80 80 90 90 90 90 90 90 90 90 90 90 0 0 0 0 0 0 0 0 0 0 
10 10 10 10 10 10 10 10 10 10 20 20 20 20 20 20 20 20 20 20 30 30 30 30 30 30 30 30 30 30 40 40 40 40 40 40 40 40 40 40 50 50 50 50 50 50 50 50 50 50 60 60 60 60 60 60 60 60 60 60 70 70 70 70 70 70 70 70 70 70 80 80 80 80 80 80 80 80 80 80 90 90 90 90 90 90 90 90 90 90 0 0 0 0 0 0 0 0 0 0 
10 10 10 10 10 10 10 10 10 10 20 20 20 20 20 20 20 20 20 20 30 30 30 30 30 30 30 30 30 30 40 40 40 40 40 40 40 40 40 40 50 50 50 50 50 50 50 50 50 50 60 60 60 60 60 60 60 60 60 60 70 70 70 70 70 70 70 70 70 70 80 80 80 80 80 80 80 80 80 80 90 90 90 90 90 90 90 90 90 90 0 0 0 0 0 0 0 0 0 0 
10 10 10 10 10 10 10 10 10 10 20 20 20 20 20 20 20 20 20 20 30 30 30 30 30 30 30 30 30 30 40 40 40 40 40 40 40 40 40 40 50 50 50 50 50 50 50 50 50 50 60 60 60 60 60 60 60 60 60 60 70 70 70 70 70 70 70 70 70 70 80 80 80 80 80 80 80 80 80 80 90 90 90 90 90 90 90 90 90 90 0 0 0 0 0 0 0 0 0 0 
10 10 10 10 10 10 10 10 10 10 20 20 20 20 20 20 20 20 20 20 30 30 30 30 30 30 30 30 30 30 40 40 40 40 40 40 40 40 40 40 50 50 50 50 50 50 50 50 50 50 60 60 60 60 60 60 60 60 60 60 70 70 70 70 70 70 70 70 70 70 80 80 80 80 80 80 80 80 80 80 90 90 90 90 90 90 90 90 90 90 0 0 0 0 0 0 0 0 0 0 
10 10 10 10 10 10 10 10 10 10 20 20 20 20 20 20 20 20 20 20 30 30 30 30 30 30 30 30 30 30 40 40 40 40 40 40 40 40 40 40 50 50 50 50 50 50 50 50 50 50 60 60 60 60 60 60 60 60 60 60 70 70 70 70 70 70 70 70 70 70 80 80 80 80 80 80 80 80 80 80 90 90 90 90 90 90 90 90 90 90 0 0 0 0 0 0 0 0 0 0 
10 10 10 10 10 10 10 10 10 10 20 20 20 20 20 20 20 20 20 20 30 30 30 30 30 30 30 30 30 30 40 40 40 40 40 40 40 40 40 40 50 50 50 50 50 50 50 50 50 50 60 60 60 60 60 60 60 60 60 60 70 70 70 70 70 70 70 70 70 70 80 80 80 80 80 80 80 80 80 80 90 90 90 90 90 90 90 90 90 90 0 0 0 0 0 0 0 0 0 0 

$transfer (resp. load/unload) time from (j-1)-th to j-th operation of job i; first of line is loading time, last of line is unloading time (for blocking job shop)
 11  2 13 12  4 13 12  2  8  6 17
  3  6 13 16 13 16 17 16 11 11 12
 12 14  6 15  4 17 18 14 11 11 11
  6 18  6 17  3 15  2 18 12  7  2
  7 20  4  2 10 18 12 10 17 17 10
 17 18 18  2  6 14 17  7  3 12  6
  2 15 20  8  6  6 15  2 14 10  8
  6 18  5 11 18 14 20  9 17  7  5
 17  2  8 20  2 19 12 15 20  9 20
 12 12 17 20 19  2  2  9 12 16  2

$time gaps between two consecutive operations of same job, can be negative,(one line for each job, #ofOpsOfThatJob-1 entries in one line) (for no-wait job shop)
0 0 0 0 0 0 0 0 0 
0 0 0 0 0 0 0 0 0 
0 0 0 0 0 0 0 0 0 
0 0 0 0 0 0 0 0 0 
0 0 0 0 0 0 0 0 0 
0 0 0 0 0 0 0 0 0 
0 0 0 0 0 0 0 0 0 
0 0 0 0 0 0 0 0 0 
0 0 0 0 0 0 0 0 0 
0 0 0 0 0 0 0 0 0 
