$instance la20
$Lawrence 10x10 instance (Table 6, instance 5); also called (seta5) or (A5)
10 10
6 9 1 81 4 55 2 40 8 32 3 37 0 6 5 19 9 81 7 40 
7 21 2 70 9 65 4 64 1 46 5 65 8 25 0 77 3 55 6 15 
2 85 5 37 0 40 3 24 1 44 6 83 4 89 8 31 7 84 9 29 
4 80 6 77 7 56 0 8 2 30 5 59 3 38 1 80 9 41 8 97 
0 91 6 40 4 88 1 17 2 71 3 50 9 59 8 80 5 56 7 7 
2 8 6 9 3 58 5 77 1 29 8 96 0 45 9 10 4 54 7 36 
4 70 3 92 1 98 5 87 6 99 7 27 8 86 9 96 0 28 2 73 
1 95 7 92 3 85 4 52 6 81 9 32 8 39 0 59 2 41 5 56 
3 60 8 45 0 88 2 12 1 7 5 22 4 93 9 49 7 69 6 27 
0 21 2 61 3 68 5 26 6 82 9 71 8 44 4 99 7 33 1 84 

$initial setup times (for each operation) 
10 10 10 10 10 10 10 10 10 10 20 20 20 20 20 20 20 20 20 20 30 30 30 30 30 30 30 30 30 30 40 40 40 40 40 40 40 40 40 40 50 50 50 50 50 50 50 50 50 50 60 60 60 60 60 60 60 60 60 60 70 70 70 70 70 70 70 70 70 70 80 80 80 80 80 80 80 80 80 80 90 90 90 90 90 90 90 90 90 90 100 100 100 100 100 100 100 100 100 100 

$final setup times (for each operation)
0 0 0 0 0 0 0 0 0 0 0 0 0 0 0 0 0 0 0 0 0 0 0 0 0 0 0 0 0 0 0 0 0 0 0 0 0 0 0 0 0 0 0 0 0 0 0 0 0 0 0 0 0 0 0 0 0 0 0 0 0 0 0 0 0 0 0 0 0 0 0 0 0 0 0 0 0 0 0 0 0 0 0 0 0 0 0 0 0 0 0 0 0 0 0 0 0 0 0 0 

$setup times between each pair of operations (from op -> to op)
0 0 0 0 0 0 0 0 0 0 10 10 10 10 10 10 10 10 10 10 20 20 20 20 20 20 20 20 20 20 30 30 30 30 30 30 30 30 30 30 40 40 40 40 40 40 40 40 40 40 50 50 50 50 50 50 50 50 50 50 60 60 60 60 60 60 60 60 60 60 70 70 70 70 70 70 70 70 70 70 80 80 80 80 80 80 80 80 80 80 90 90 90 90 90 90 90 90 90 90 
0 0 0 0 0 0 0 0 0 0 10 10 10 10 10 10 10 10 10 10 20 20 20 20 20 20 20 20 20 20 30 30 30 30 30 30 30 30 30 30 40 40 40 40 40 40 40 40 40 40 50 50 50 50 50 50 50 50 50 50 60 60 60 60 60 60 60 60 60 60 70 70 70 70 70 70 70 70 70 70 80 80 80 80 80 80 80 80 80 80 90 90 90 90 90 90 90 90 90 90 
0 0 0 0 0 0 0 0 0 0 10 10 10 10 10 10 10 10 10 10 20 20 20 20 20 20 20 20 20 20 30 30 30 30 30 30 30 30 30 30 40 40 40 40 40 40 40 40 40 40 50 50 50 50 50 50 50 50 50 50 60 60 60 60 60 60 60 60 60 60 70 70 70 70 70 70 70 70 70 70 80 80 80 80 80 80 80 80 80 80 90 90 90 90 90 90 90 90 90 90 
0 0 0 0 0 0 0 0 0 0 10 10 10 10 10 10 10 10 10 10 20 20 20 20 20 20 20 20 20 20 30 30 30 30 30 30 30 30 30 30 40 40 40 40 40 40 40 40 40 40 50 50 50 50 50 50 50 50 50 50 60 60 60 60 60 60 60 60 60 60 70 70 70 70 70 70 70 70 70 70 80 80 80 80 80 80 80 80 80 80 90 90 90 90 90 90 90 90 90 90 
0 0 0 0 0 0 0 0 0 0 10 10 10 10 10 10 10 10 10 10 20 20 20 20 20 20 20 20 20 20 30 30 30 30 30 30 30 30 30 30 40 40 40 40 40 40 40 40 40 40 50 50 50 50 50 50 50 50 50 50 60 60 60 60 60 60 60 60 60 60 70 70 70 70 70 70 70 70 70 70 80 80 80 80 80 80 80 80 80 80 90 90 90 90 90 90 90 90 90 90 
0 0 0 0 0 0 0 0 0 0 10 10 10 10 10 10 10 10 10 10 20 20 20 20 20 20 20 20 20 20 30 30 30 30 30 30 30 30 30 30 40 40 40 40 40 40 40 40 40 40 50 50 50 50 50 50 50 50 50 50 60 60 60 60 60 60 60 60 60 60 70 70 70 70 70 70 70 70 70 70 80 80 80 80 80 80 80 80 80 80 90 90 90 90 90 90 90 90 90 90 
0 0 0 0 0 0 0 0 0 0 10 10 10 10 10 10 10 10 10 10 20 20 20 20 20 20 20 20 20 20 30 30 30 30 30 30 30 30 30 30 40 40 40 40 40 40 40 40 40 40 50 50 50 50 50 50 50 50 50 50 60 60 60 60 60 60 60 60 60 60 70 70 70 70 70 70 70 70 70 70 80 80 80 80 80 80 80 80 80 80 90 90 90 90 90 90 90 90 90 90 
0 0 0 0 0 0 0 0 0 0 10 10 10 10 10 10 10 10 10 10 20 20 20 20 20 20 20 20 20 20 30 30 30 30 30 30 30 30 30 30 40 40 40 40 40 40 40 40 40 40 50 50 50 50 50 50 50 50 50 50 60 60 60 60 60 60 60 60 60 60 70 70 70 70 70 70 70 70 70 70 80 80 80 80 80 80 80 80 80 80 90 90 90 90 90 90 90 90 90 90 
0 0 0 0 0 0 0 0 0 0 10 10 10 10 10 10 10 10 10 10 20 20 20 20 20 20 20 20 20 20 30 30 30 30 30 30 30 30 30 30 40 40 40 40 40 40 40 40 40 40 50 50 50 50 50 50 50 50 50 50 60 60 60 60 60 60 60 60 60 60 70 70 70 70 70 70 70 70 70 70 80 80 80 80 80 80 80 80 80 80 90 90 90 90 90 90 90 90 90 90 
0 0 0 0 0 0 0 0 0 0 10 10 10 10 10 10 10 10 10 10 20 20 20 20 20 20 20 20 20 20 30 30 30 30 30 30 30 30 30 30 40 40 40 40 40 40 40 40 40 40 50 50 50 50 50 50 50 50 50 50 60 60 60 60 60 60 60 60 60 60 70 70 70 70 70 70 70 70 70 70 80 80 80 80 80 80 80 80 80 80 90 90 90 90 90 90 90 90 90 90 
90 90 90 90 90 90 90 90 90 90 0 0 0 0 0 0 0 0 0 0 10 10 10 10 10 10 10 10 10 10 20 20 20 20 20 20 20 20 20 20 30 30 30 30 30 30 30 30 30 30 40 40 40 40 40 40 40 40 40 40 50 50 50 50 50 50 50 50 50 50 60 60 60 60 60 60 60 60 60 60 70 70 70 70 70 70 70 70 70 70 80 80 80 80 80 80 80 80 80 80 
90 90 90 90 90 90 90 90 90 90 0 0 0 0 0 0 0 0 0 0 10 10 10 10 10 10 10 10 10 10 20 20 20 20 20 20 20 20 20 20 30 30 30 30 30 30 30 30 30 30 40 40 40 40 40 40 40 40 40 40 50 50 50 50 50 50 50 50 50 50 60 60 60 60 60 60 60 60 60 60 70 70 70 70 70 70 70 70 70 70 80 80 80 80 80 80 80 80 80 80 
90 90 90 90 90 90 90 90 90 90 0 0 0 0 0 0 0 0 0 0 10 10 10 10 10 10 10 10 10 10 20 20 20 20 20 20 20 20 20 20 30 30 30 30 30 30 30 30 30 30 40 40 40 40 40 40 40 40 40 40 50 50 50 50 50 50 50 50 50 50 60 60 60 60 60 60 60 60 60 60 70 70 70 70 70 70 70 70 70 70 80 80 80 80 80 80 80 80 80 80 
90 90 90 90 90 90 90 90 90 90 0 0 0 0 0 0 0 0 0 0 10 10 10 10 10 10 10 10 10 10 20 20 20 20 20 20 20 20 20 20 30 30 30 30 30 30 30 30 30 30 40 40 40 40 40 40 40 40 40 40 50 50 50 50 50 50 50 50 50 50 60 60 60 60 60 60 60 60 60 60 70 70 70 70 70 70 70 70 70 70 80 80 80 80 80 80 80 80 80 80 
90 90 90 90 90 90 90 90 90 90 0 0 0 0 0 0 0 0 0 0 10 10 10 10 10 10 10 10 10 10 20 20 20 20 20 20 20 20 20 20 30 30 30 30 30 30 30 30 30 30 40 40 40 40 40 40 40 40 40 40 50 50 50 50 50 50 50 50 50 50 60 60 60 60 60 60 60 60 60 60 70 70 70 70 70 70 70 70 70 70 80 80 80 80 80 80 80 80 80 80 
90 90 90 90 90 90 90 90 90 90 0 0 0 0 0 0 0 0 0 0 10 10 10 10 10 10 10 10 10 10 20 20 20 20 20 20 20 20 20 20 30 30 30 30 30 30 30 30 30 30 40 40 40 40 40 40 40 40 40 40 50 50 50 50 50 50 50 50 50 50 60 60 60 60 60 60 60 60 60 60 70 70 70 70 70 70 70 70 70 70 80 80 80 80 80 80 80 80 80 80 
90 90 90 90 90 90 90 90 90 90 0 0 0 0 0 0 0 0 0 0 10 10 10 10 10 10 10 10 10 10 20 20 20 20 20 20 20 20 20 20 30 30 30 30 30 30 30 30 30 30 40 40 40 40 40 40 40 40 40 40 50 50 50 50 50 50 50 50 50 50 60 60 60 60 60 60 60 60 60 60 70 70 70 70 70 70 70 70 70 70 80 80 80 80 80 80 80 80 80 80 
90 90 90 90 90 90 90 90 90 90 0 0 0 0 0 0 0 0 0 0 10 10 10 10 10 10 10 10 10 10 20 20 20 20 20 20 20 20 20 20 30 30 30 30 30 30 30 30 30 30 40 40 40 40 40 40 40 40 40 40 50 50 50 50 50 50 50 50 50 50 60 60 60 60 60 60 60 60 60 60 70 70 70 70 70 70 70 70 70 70 80 80 80 80 80 80 80 80 80 80 
90 90 90 90 90 90 90 90 90 90 0 0 0 0 0 0 0 0 0 0 10 10 10 10 10 10 10 10 10 10 20 20 20 20 20 20 20 20 20 20 30 30 30 30 30 30 30 30 30 30 40 40 40 40 40 40 40 40 40 40 50 50 50 50 50 50 50 50 50 50 60 60 60 60 60 60 60 60 60 60 70 70 70 70 70 70 70 70 70 70 80 80 80 80 80 80 80 80 80 80 
90 90 90 90 90 90 90 90 90 90 0 0 0 0 0 0 0 0 0 0 10 10 10 10 10 10 10 10 10 10 20 20 20 20 20 20 20 20 20 20 30 30 30 30 30 30 30 30 30 30 40 40 40 40 40 40 40 40 40 40 50 50 50 50 50 50 50 50 50 50 60 60 60 60 60 60 60 60 60 60 70 70 70 70 70 70 70 70 70 70 80 80 80 80 80 80 80 80 80 80 
80 80 80 80 80 80 80 80 80 80 90 90 90 90 90 90 90 90 90 90 0 0 0 0 0 0 0 0 0 0 10 10 10 10 10 10 10 10 10 10 20 20 20 20 20 20 20 20 20 20 30 30 30 30 30 30 30 30 30 30 40 40 40 40 40 40 40 40 40 40 50 50 50 50 50 50 50 50 50 50 60 60 60 60 60 60 60 60 60 60 70 70 70 70 70 70 70 70 70 70 
80 80 80 80 80 80 80 80 80 80 90 90 90 90 90 90 90 90 90 90 0 0 0 0 0 0 0 0 0 0 10 10 10 10 10 10 10 10 10 10 20 20 20 20 20 20 20 20 20 20 30 30 30 30 30 30 30 30 30 30 40 40 40 40 40 40 40 40 40 40 50 50 50 50 50 50 50 50 50 50 60 60 60 60 60 60 60 60 60 60 70 70 70 70 70 70 70 70 70 70 
80 80 80 80 80 80 80 80 80 80 90 90 90 90 90 90 90 90 90 90 0 0 0 0 0 0 0 0 0 0 10 10 10 10 10 10 10 10 10 10 20 20 20 20 20 20 20 20 20 20 30 30 30 30 30 30 30 30 30 30 40 40 40 40 40 40 40 40 40 40 50 50 50 50 50 50 50 50 50 50 60 60 60 60 60 60 60 60 60 60 70 70 70 70 70 70 70 70 70 70 
80 80 80 80 80 80 80 80 80 80 90 90 90 90 90 90 90 90 90 90 0 0 0 0 0 0 0 0 0 0 10 10 10 10 10 10 10 10 10 10 20 20 20 20 20 20 20 20 20 20 30 30 30 30 30 30 30 30 30 30 40 40 40 40 40 40 40 40 40 40 50 50 50 50 50 50 50 50 50 50 60 60 60 60 60 60 60 60 60 60 70 70 70 70 70 70 70 70 70 70 
80 80 80 80 80 80 80 80 80 80 90 90 90 90 90 90 90 90 90 90 0 0 0 0 0 0 0 0 0 0 10 10 10 10 10 10 10 10 10 10 20 20 20 20 20 20 20 20 20 20 30 30 30 30 30 30 30 30 30 30 40 40 40 40 40 40 40 40 40 40 50 50 50 50 50 50 50 50 50 50 60 60 60 60 60 60 60 60 60 60 70 70 70 70 70 70 70 70 70 70 
80 80 80 80 80 80 80 80 80 80 90 90 90 90 90 90 90 90 90 90 0 0 0 0 0 0 0 0 0 0 10 10 10 10 10 10 10 10 10 10 20 20 20 20 20 20 20 20 20 20 30 30 30 30 30 30 30 30 30 30 40 40 40 40 40 40 40 40 40 40 50 50 50 50 50 50 50 50 50 50 60 60 60 60 60 60 60 60 60 60 70 70 70 70 70 70 70 70 70 70 
80 80 80 80 80 80 80 80 80 80 90 90 90 90 90 90 90 90 90 90 0 0 0 0 0 0 0 0 0 0 10 10 10 10 10 10 10 10 10 10 20 20 20 20 20 20 20 20 20 20 30 30 30 30 30 30 30 30 30 30 40 40 40 40 40 40 40 40 40 40 50 50 50 50 50 50 50 50 50 50 60 60 60 60 60 60 60 60 60 60 70 70 70 70 70 70 70 70 70 70 
80 80 80 80 80 80 80 80 80 80 90 90 90 90 90 90 90 90 90 90 0 0 0 0 0 0 0 0 0 0 10 10 10 10 10 10 10 10 10 10 20 20 20 20 20 20 20 20 20 20 30 30 30 30 30 30 30 30 30 30 40 40 40 40 40 40 40 40 40 40 50 50 50 50 50 50 50 50 50 50 60 60 60 60 60 60 60 60 60 60 70 70 70 70 70 70 70 70 70 70 
80 80 80 80 80 80 80 80 80 80 90 90 90 90 90 90 90 90 90 90 0 0 0 0 0 0 0 0 0 0 10 10 10 10 10 10 10 10 10 10 20 20 20 20 20 20 20 20 20 20 30 30 30 30 30 30 30 30 30 30 40 40 40 40 40 40 40 40 40 40 50 50 50 50 50 50 50 50 50 50 60 60 60 60 60 60 60 60 60 60 70 70 70 70 70 70 70 70 70 70 
80 80 80 80 80 80 80 80 80 80 90 90 90 90 90 90 90 90 90 90 0 0 0 0 0 0 0 0 0 0 10 10 10 10 10 10 10 10 10 10 20 20 20 20 20 20 20 20 20 20 30 30 30 30 30 30 30 30 30 30 40 40 40 40 40 40 40 40 40 40 50 50 50 50 50 50 50 50 50 50 60 60 60 60 60 60 60 60 60 60 70 70 70 70 70 70 70 70 70 70 
70 70 70 70 70 70 70 70 70 70 80 80 80 80 80 80 80 80 80 80 90 90 90 90 90 90 90 90 90 90 0 0 0 0 0 0 0 0 0 0 10 10 10 10 10 10 10 10 10 10 20 20 20 20 20 20 20 20 20 20 30 30 30 30 30 30 30 30 30 30 40 40 40 40 40 40 40 40 40 40 50 50 50 50 50 50 50 50 50 50 60 60 60 60 60 60 60 60 60 60 
70 70 70 70 70 70 70 70 70 70 80 80 80 80 80 80 80 80 80 80 90 90 90 90 90 90 90 90 90 90 0 0 0 0 0 0 0 0 0 0 10 10 10 10 10 10 10 10 10 10 20 20 20 20 20 20 20 20 20 20 30 30 30 30 30 30 30 30 30 30 40 40 40 40 40 40 40 40 40 40 50 50 50 50 50 50 50 50 50 50 60 60 60 60 60 60 60 60 60 60 
70 70 70 70 70 70 70 70 70 70 80 80 80 80 80 80 80 80 80 80 90 90 90 90 90 90 90 90 90 90 0 0 0 0 0 0 0 0 0 0 10 10 10 10 10 10 10 10 10 10 20 20 20 20 20 20 20 20 20 20 30 30 30 30 30 30 30 30 30 30 40 40 40 40 40 40 40 40 40 40 50 50 50 50 50 50 50 50 50 50 60 60 60 60 60 60 60 60 60 60 
70 70 70 70 70 70 70 70 70 70 80 80 80 80 80 80 80 80 80 80 90 90 90 90 90 90 90 90 90 90 0 0 0 0 0 0 0 0 0 0 10 10 10 10 10 10 10 10 10 10 20 20 20 20 20 20 20 20 20 20 30 30 30 30 30 30 30 30 30 30 40 40 40 40 40 40 40 40 40 40 50 50 50 50 50 50 50 50 50 50 60 60 60 60 60 60 60 60 60 60 
70 70 70 70 70 70 70 70 70 70 80 80 80 80 80 80 80 80 80 80 90 90 90 90 90 90 90 90 90 90 0 0 0 0 0 0 0 0 0 0 10 10 10 10 10 10 10 10 10 10 20 20 20 20 20 20 20 20 20 20 30 30 30 30 30 30 30 30 30 30 40 40 40 40 40 40 40 40 40 40 50 50 50 50 50 50 50 50 50 50 60 60 60 60 60 60 60 60 60 60 
70 70 70 70 70 70 70 70 70 70 80 80 80 80 80 80 80 80 80 80 90 90 90 90 90 90 90 90 90 90 0 0 0 0 0 0 0 0 0 0 10 10 10 10 10 10 10 10 10 10 20 20 20 20 20 20 20 20 20 20 30 30 30 30 30 30 30 30 30 30 40 40 40 40 40 40 40 40 40 40 50 50 50 50 50 50 50 50 50 50 60 60 60 60 60 60 60 60 60 60 
70 70 70 70 70 70 70 70 70 70 80 80 80 80 80 80 80 80 80 80 90 90 90 90 90 90 90 90 90 90 0 0 0 0 0 0 0 0 0 0 10 10 10 10 10 10 10 10 10 10 20 20 20 20 20 20 20 20 20 20 30 30 30 30 30 30 30 30 30 30 40 40 40 40 40 40 40 40 40 40 50 50 50 50 50 50 50 50 50 50 60 60 60 60 60 60 60 60 60 60 
70 70 70 70 70 70 70 70 70 70 80 80 80 80 80 80 80 80 80 80 90 90 90 90 90 90 90 90 90 90 0 0 0 0 0 0 0 0 0 0 10 10 10 10 10 10 10 10 10 10 20 20 20 20 20 20 20 20 20 20 30 30 30 30 30 30 30 30 30 30 40 40 40 40 40 40 40 40 40 40 50 50 50 50 50 50 50 50 50 50 60 60 60 60 60 60 60 60 60 60 
70 70 70 70 70 70 70 70 70 70 80 80 80 80 80 80 80 80 80 80 90 90 90 90 90 90 90 90 90 90 0 0 0 0 0 0 0 0 0 0 10 10 10 10 10 10 10 10 10 10 20 20 20 20 20 20 20 20 20 20 30 30 30 30 30 30 30 30 30 30 40 40 40 40 40 40 40 40 40 40 50 50 50 50 50 50 50 50 50 50 60 60 60 60 60 60 60 60 60 60 
70 70 70 70 70 70 70 70 70 70 80 80 80 80 80 80 80 80 80 80 90 90 90 90 90 90 90 90 90 90 0 0 0 0 0 0 0 0 0 0 10 10 10 10 10 10 10 10 10 10 20 20 20 20 20 20 20 20 20 20 30 30 30 30 30 30 30 30 30 30 40 40 40 40 40 40 40 40 40 40 50 50 50 50 50 50 50 50 50 50 60 60 60 60 60 60 60 60 60 60 
60 60 60 60 60 60 60 60 60 60 70 70 70 70 70 70 70 70 70 70 80 80 80 80 80 80 80 80 80 80 90 90 90 90 90 90 90 90 90 90 0 0 0 0 0 0 0 0 0 0 10 10 10 10 10 10 10 10 10 10 20 20 20 20 20 20 20 20 20 20 30 30 30 30 30 30 30 30 30 30 40 40 40 40 40 40 40 40 40 40 50 50 50 50 50 50 50 50 50 50 
60 60 60 60 60 60 60 60 60 60 70 70 70 70 70 70 70 70 70 70 80 80 80 80 80 80 80 80 80 80 90 90 90 90 90 90 90 90 90 90 0 0 0 0 0 0 0 0 0 0 10 10 10 10 10 10 10 10 10 10 20 20 20 20 20 20 20 20 20 20 30 30 30 30 30 30 30 30 30 30 40 40 40 40 40 40 40 40 40 40 50 50 50 50 50 50 50 50 50 50 
60 60 60 60 60 60 60 60 60 60 70 70 70 70 70 70 70 70 70 70 80 80 80 80 80 80 80 80 80 80 90 90 90 90 90 90 90 90 90 90 0 0 0 0 0 0 0 0 0 0 10 10 10 10 10 10 10 10 10 10 20 20 20 20 20 20 20 20 20 20 30 30 30 30 30 30 30 30 30 30 40 40 40 40 40 40 40 40 40 40 50 50 50 50 50 50 50 50 50 50 
60 60 60 60 60 60 60 60 60 60 70 70 70 70 70 70 70 70 70 70 80 80 80 80 80 80 80 80 80 80 90 90 90 90 90 90 90 90 90 90 0 0 0 0 0 0 0 0 0 0 10 10 10 10 10 10 10 10 10 10 20 20 20 20 20 20 20 20 20 20 30 30 30 30 30 30 30 30 30 30 40 40 40 40 40 40 40 40 40 40 50 50 50 50 50 50 50 50 50 50 
60 60 60 60 60 60 60 60 60 60 70 70 70 70 70 70 70 70 70 70 80 80 80 80 80 80 80 80 80 80 90 90 90 90 90 90 90 90 90 90 0 0 0 0 0 0 0 0 0 0 10 10 10 10 10 10 10 10 10 10 20 20 20 20 20 20 20 20 20 20 30 30 30 30 30 30 30 30 30 30 40 40 40 40 40 40 40 40 40 40 50 50 50 50 50 50 50 50 50 50 
60 60 60 60 60 60 60 60 60 60 70 70 70 70 70 70 70 70 70 70 80 80 80 80 80 80 80 80 80 80 90 90 90 90 90 90 90 90 90 90 0 0 0 0 0 0 0 0 0 0 10 10 10 10 10 10 10 10 10 10 20 20 20 20 20 20 20 20 20 20 30 30 30 30 30 30 30 30 30 30 40 40 40 40 40 40 40 40 40 40 50 50 50 50 50 50 50 50 50 50 
60 60 60 60 60 60 60 60 60 60 70 70 70 70 70 70 70 70 70 70 80 80 80 80 80 80 80 80 80 80 90 90 90 90 90 90 90 90 90 90 0 0 0 0 0 0 0 0 0 0 10 10 10 10 10 10 10 10 10 10 20 20 20 20 20 20 20 20 20 20 30 30 30 30 30 30 30 30 30 30 40 40 40 40 40 40 40 40 40 40 50 50 50 50 50 50 50 50 50 50 
60 60 60 60 60 60 60 60 60 60 70 70 70 70 70 70 70 70 70 70 80 80 80 80 80 80 80 80 80 80 90 90 90 90 90 90 90 90 90 90 0 0 0 0 0 0 0 0 0 0 10 10 10 10 10 10 10 10 10 10 20 20 20 20 20 20 20 20 20 20 30 30 30 30 30 30 30 30 30 30 40 40 40 40 40 40 40 40 40 40 50 50 50 50 50 50 50 50 50 50 
60 60 60 60 60 60 60 60 60 60 70 70 70 70 70 70 70 70 70 70 80 80 80 80 80 80 80 80 80 80 90 90 90 90 90 90 90 90 90 90 0 0 0 0 0 0 0 0 0 0 10 10 10 10 10 10 10 10 10 10 20 20 20 20 20 20 20 20 20 20 30 30 30 30 30 30 30 30 30 30 40 40 40 40 40 40 40 40 40 40 50 50 50 50 50 50 50 50 50 50 
60 60 60 60 60 60 60 60 60 60 70 70 70 70 70 70 70 70 70 70 80 80 80 80 80 80 80 80 80 80 90 90 90 90 90 90 90 90 90 90 0 0 0 0 0 0 0 0 0 0 10 10 10 10 10 10 10 10 10 10 20 20 20 20 20 20 20 20 20 20 30 30 30 30 30 30 30 30 30 30 40 40 40 40 40 40 40 40 40 40 50 50 50 50 50 50 50 50 50 50 
50 50 50 50 50 50 50 50 50 50 60 60 60 60 60 60 60 60 60 60 70 70 70 70 70 70 70 70 70 70 80 80 80 80 80 80 80 80 80 80 90 90 90 90 90 90 90 90 90 90 0 0 0 0 0 0 0 0 0 0 10 10 10 10 10 10 10 10 10 10 20 20 20 20 20 20 20 20 20 20 30 30 30 30 30 30 30 30 30 30 40 40 40 40 40 40 40 40 40 40 
50 50 50 50 50 50 50 50 50 50 60 60 60 60 60 60 60 60 60 60 70 70 70 70 70 70 70 70 70 70 80 80 80 80 80 80 80 80 80 80 90 90 90 90 90 90 90 90 90 90 0 0 0 0 0 0 0 0 0 0 10 10 10 10 10 10 10 10 10 10 20 20 20 20 20 20 20 20 20 20 30 30 30 30 30 30 30 30 30 30 40 40 40 40 40 40 40 40 40 40 
50 50 50 50 50 50 50 50 50 50 60 60 60 60 60 60 60 60 60 60 70 70 70 70 70 70 70 70 70 70 80 80 80 80 80 80 80 80 80 80 90 90 90 90 90 90 90 90 90 90 0 0 0 0 0 0 0 0 0 0 10 10 10 10 10 10 10 10 10 10 20 20 20 20 20 20 20 20 20 20 30 30 30 30 30 30 30 30 30 30 40 40 40 40 40 40 40 40 40 40 
50 50 50 50 50 50 50 50 50 50 60 60 60 60 60 60 60 60 60 60 70 70 70 70 70 70 70 70 70 70 80 80 80 80 80 80 80 80 80 80 90 90 90 90 90 90 90 90 90 90 0 0 0 0 0 0 0 0 0 0 10 10 10 10 10 10 10 10 10 10 20 20 20 20 20 20 20 20 20 20 30 30 30 30 30 30 30 30 30 30 40 40 40 40 40 40 40 40 40 40 
50 50 50 50 50 50 50 50 50 50 60 60 60 60 60 60 60 60 60 60 70 70 70 70 70 70 70 70 70 70 80 80 80 80 80 80 80 80 80 80 90 90 90 90 90 90 90 90 90 90 0 0 0 0 0 0 0 0 0 0 10 10 10 10 10 10 10 10 10 10 20 20 20 20 20 20 20 20 20 20 30 30 30 30 30 30 30 30 30 30 40 40 40 40 40 40 40 40 40 40 
50 50 50 50 50 50 50 50 50 50 60 60 60 60 60 60 60 60 60 60 70 70 70 70 70 70 70 70 70 70 80 80 80 80 80 80 80 80 80 80 90 90 90 90 90 90 90 90 90 90 0 0 0 0 0 0 0 0 0 0 10 10 10 10 10 10 10 10 10 10 20 20 20 20 20 20 20 20 20 20 30 30 30 30 30 30 30 30 30 30 40 40 40 40 40 40 40 40 40 40 
50 50 50 50 50 50 50 50 50 50 60 60 60 60 60 60 60 60 60 60 70 70 70 70 70 70 70 70 70 70 80 80 80 80 80 80 80 80 80 80 90 90 90 90 90 90 90 90 90 90 0 0 0 0 0 0 0 0 0 0 10 10 10 10 10 10 10 10 10 10 20 20 20 20 20 20 20 20 20 20 30 30 30 30 30 30 30 30 30 30 40 40 40 40 40 40 40 40 40 40 
50 50 50 50 50 50 50 50 50 50 60 60 60 60 60 60 60 60 60 60 70 70 70 70 70 70 70 70 70 70 80 80 80 80 80 80 80 80 80 80 90 90 90 90 90 90 90 90 90 90 0 0 0 0 0 0 0 0 0 0 10 10 10 10 10 10 10 10 10 10 20 20 20 20 20 20 20 20 20 20 30 30 30 30 30 30 30 30 30 30 40 40 40 40 40 40 40 40 40 40 
50 50 50 50 50 50 50 50 50 50 60 60 60 60 60 60 60 60 60 60 70 70 70 70 70 70 70 70 70 70 80 80 80 80 80 80 80 80 80 80 90 90 90 90 90 90 90 90 90 90 0 0 0 0 0 0 0 0 0 0 10 10 10 10 10 10 10 10 10 10 20 20 20 20 20 20 20 20 20 20 30 30 30 30 30 30 30 30 30 30 40 40 40 40 40 40 40 40 40 40 
50 50 50 50 50 50 50 50 50 50 60 60 60 60 60 60 60 60 60 60 70 70 70 70 70 70 70 70 70 70 80 80 80 80 80 80 80 80 80 80 90 90 90 90 90 90 90 90 90 90 0 0 0 0 0 0 0 0 0 0 10 10 10 10 10 10 10 10 10 10 20 20 20 20 20 20 20 20 20 20 30 30 30 30 30 30 30 30 30 30 40 40 40 40 40 40 40 40 40 40 
40 40 40 40 40 40 40 40 40 40 50 50 50 50 50 50 50 50 50 50 60 60 60 60 60 60 60 60 60 60 70 70 70 70 70 70 70 70 70 70 80 80 80 80 80 80 80 80 80 80 90 90 90 90 90 90 90 90 90 90 0 0 0 0 0 0 0 0 0 0 10 10 10 10 10 10 10 10 10 10 20 20 20 20 20 20 20 20 20 20 30 30 30 30 30 30 30 30 30 30 
40 40 40 40 40 40 40 40 40 40 50 50 50 50 50 50 50 50 50 50 60 60 60 60 60 60 60 60 60 60 70 70 70 70 70 70 70 70 70 70 80 80 80 80 80 80 80 80 80 80 90 90 90 90 90 90 90 90 90 90 0 0 0 0 0 0 0 0 0 0 10 10 10 10 10 10 10 10 10 10 20 20 20 20 20 20 20 20 20 20 30 30 30 30 30 30 30 30 30 30 
40 40 40 40 40 40 40 40 40 40 50 50 50 50 50 50 50 50 50 50 60 60 60 60 60 60 60 60 60 60 70 70 70 70 70 70 70 70 70 70 80 80 80 80 80 80 80 80 80 80 90 90 90 90 90 90 90 90 90 90 0 0 0 0 0 0 0 0 0 0 10 10 10 10 10 10 10 10 10 10 20 20 20 20 20 20 20 20 20 20 30 30 30 30 30 30 30 30 30 30 
40 40 40 40 40 40 40 40 40 40 50 50 50 50 50 50 50 50 50 50 60 60 60 60 60 60 60 60 60 60 70 70 70 70 70 70 70 70 70 70 80 80 80 80 80 80 80 80 80 80 90 90 90 90 90 90 90 90 90 90 0 0 0 0 0 0 0 0 0 0 10 10 10 10 10 10 10 10 10 10 20 20 20 20 20 20 20 20 20 20 30 30 30 30 30 30 30 30 30 30 
40 40 40 40 40 40 40 40 40 40 50 50 50 50 50 50 50 50 50 50 60 60 60 60 60 60 60 60 60 60 70 70 70 70 70 70 70 70 70 70 80 80 80 80 80 80 80 80 80 80 90 90 90 90 90 90 90 90 90 90 0 0 0 0 0 0 0 0 0 0 10 10 10 10 10 10 10 10 10 10 20 20 20 20 20 20 20 20 20 20 30 30 30 30 30 30 30 30 30 30 
40 40 40 40 40 40 40 40 40 40 50 50 50 50 50 50 50 50 50 50 60 60 60 60 60 60 60 60 60 60 70 70 70 70 70 70 70 70 70 70 80 80 80 80 80 80 80 80 80 80 90 90 90 90 90 90 90 90 90 90 0 0 0 0 0 0 0 0 0 0 10 10 10 10 10 10 10 10 10 10 20 20 20 20 20 20 20 20 20 20 30 30 30 30 30 30 30 30 30 30 
40 40 40 40 40 40 40 40 40 40 50 50 50 50 50 50 50 50 50 50 60 60 60 60 60 60 60 60 60 60 70 70 70 70 70 70 70 70 70 70 80 80 80 80 80 80 80 80 80 80 90 90 90 90 90 90 90 90 90 90 0 0 0 0 0 0 0 0 0 0 10 10 10 10 10 10 10 10 10 10 20 20 20 20 20 20 20 20 20 20 30 30 30 30 30 30 30 30 30 30 
40 40 40 40 40 40 40 40 40 40 50 50 50 50 50 50 50 50 50 50 60 60 60 60 60 60 60 60 60 60 70 70 70 70 70 70 70 70 70 70 80 80 80 80 80 80 80 80 80 80 90 90 90 90 90 90 90 90 90 90 0 0 0 0 0 0 0 0 0 0 10 10 10 10 10 10 10 10 10 10 20 20 20 20 20 20 20 20 20 20 30 30 30 30 30 30 30 30 30 30 
40 40 40 40 40 40 40 40 40 40 50 50 50 50 50 50 50 50 50 50 60 60 60 60 60 60 60 60 60 60 70 70 70 70 70 70 70 70 70 70 80 80 80 80 80 80 80 80 80 80 90 90 90 90 90 90 90 90 90 90 0 0 0 0 0 0 0 0 0 0 10 10 10 10 10 10 10 10 10 10 20 20 20 20 20 20 20 20 20 20 30 30 30 30 30 30 30 30 30 30 
40 40 40 40 40 40 40 40 40 40 50 50 50 50 50 50 50 50 50 50 60 60 60 60 60 60 60 60 60 60 70 70 70 70 70 70 70 70 70 70 80 80 80 80 80 80 80 80 80 80 90 90 90 90 90 90 90 90 90 90 0 0 0 0 0 0 0 0 0 0 10 10 10 10 10 10 10 10 10 10 20 20 20 20 20 20 20 20 20 20 30 30 30 30 30 30 30 30 30 30 
30 30 30 30 30 30 30 30 30 30 40 40 40 40 40 40 40 40 40 40 50 50 50 50 50 50 50 50 50 50 60 60 60 60 60 60 60 60 60 60 70 70 70 70 70 70 70 70 70 70 80 80 80 80 80 80 80 80 80 80 90 90 90 90 90 90 90 90 90 90 0 0 0 0 0 0 0 0 0 0 10 10 10 10 10 10 10 10 10 10 20 20 20 20 20 20 20 20 20 20 
30 30 30 30 30 30 30 30 30 30 40 40 40 40 40 40 40 40 40 40 50 50 50 50 50 50 50 50 50 50 60 60 60 60 60 60 60 60 60 60 70 70 70 70 70 70 70 70 70 70 80 80 80 80 80 80 80 80 80 80 90 90 90 90 90 90 90 90 90 90 0 0 0 0 0 0 0 0 0 0 10 10 10 10 10 10 10 10 10 10 20 20 20 20 20 20 20 20 20 20 
30 30 30 30 30 30 30 30 30 30 40 40 40 40 40 40 40 40 40 40 50 50 50 50 50 50 50 50 50 50 60 60 60 60 60 60 60 60 60 60 70 70 70 70 70 70 70 70 70 70 80 80 80 80 80 80 80 80 80 80 90 90 90 90 90 90 90 90 90 90 0 0 0 0 0 0 0 0 0 0 10 10 10 10 10 10 10 10 10 10 20 20 20 20 20 20 20 20 20 20 
30 30 30 30 30 30 30 30 30 30 40 40 40 40 40 40 40 40 40 40 50 50 50 50 50 50 50 50 50 50 60 60 60 60 60 60 60 60 60 60 70 70 70 70 70 70 70 70 70 70 80 80 80 80 80 80 80 80 80 80 90 90 90 90 90 90 90 90 90 90 0 0 0 0 0 0 0 0 0 0 10 10 10 10 10 10 10 10 10 10 20 20 20 20 20 20 20 20 20 20 
30 30 30 30 30 30 30 30 30 30 40 40 40 40 40 40 40 40 40 40 50 50 50 50 50 50 50 50 50 50 60 60 60 60 60 60 60 60 60 60 70 70 70 70 70 70 70 70 70 70 80 80 80 80 80 80 80 80 80 80 90 90 90 90 90 90 90 90 90 90 0 0 0 0 0 0 0 0 0 0 10 10 10 10 10 10 10 10 10 10 20 20 20 20 20 20 20 20 20 20 
30 30 30 30 30 30 30 30 30 30 40 40 40 40 40 40 40 40 40 40 50 50 50 50 50 50 50 50 50 50 60 60 60 60 60 60 60 60 60 60 70 70 70 70 70 70 70 70 70 70 80 80 80 80 80 80 80 80 80 80 90 90 90 90 90 90 90 90 90 90 0 0 0 0 0 0 0 0 0 0 10 10 10 10 10 10 10 10 10 10 20 20 20 20 20 20 20 20 20 20 
30 30 30 30 30 30 30 30 30 30 40 40 40 40 40 40 40 40 40 40 50 50 50 50 50 50 50 50 50 50 60 60 60 60 60 60 60 60 60 60 70 70 70 70 70 70 70 70 70 70 80 80 80 80 80 80 80 80 80 80 90 90 90 90 90 90 90 90 90 90 0 0 0 0 0 0 0 0 0 0 10 10 10 10 10 10 10 10 10 10 20 20 20 20 20 20 20 20 20 20 
30 30 30 30 30 30 30 30 30 30 40 40 40 40 40 40 40 40 40 40 50 50 50 50 50 50 50 50 50 50 60 60 60 60 60 60 60 60 60 60 70 70 70 70 70 70 70 70 70 70 80 80 80 80 80 80 80 80 80 80 90 90 90 90 90 90 90 90 90 90 0 0 0 0 0 0 0 0 0 0 10 10 10 10 10 10 10 10 10 10 20 20 20 20 20 20 20 20 20 20 
30 30 30 30 30 30 30 30 30 30 40 40 40 40 40 40 40 40 40 40 50 50 50 50 50 50 50 50 50 50 60 60 60 60 60 60 60 60 60 60 70 70 70 70 70 70 70 70 70 70 80 80 80 80 80 80 80 80 80 80 90 90 90 90 90 90 90 90 90 90 0 0 0 0 0 0 0 0 0 0 10 10 10 10 10 10 10 10 10 10 20 20 20 20 20 20 20 20 20 20 
30 30 30 30 30 30 30 30 30 30 40 40 40 40 40 40 40 40 40 40 50 50 50 50 50 50 50 50 50 50 60 60 60 60 60 60 60 60 60 60 70 70 70 70 70 70 70 70 70 70 80 80 80 80 80 80 80 80 80 80 90 90 90 90 90 90 90 90 90 90 0 0 0 0 0 0 0 0 0 0 10 10 10 10 10 10 10 10 10 10 20 20 20 20 20 20 20 20 20 20 
20 20 20 20 20 20 20 20 20 20 30 30 30 30 30 30 30 30 30 30 40 40 40 40 40 40 40 40 40 40 50 50 50 50 50 50 50 50 50 50 60 60 60 60 60 60 60 60 60 60 70 70 70 70 70 70 70 70 70 70 80 80 80 80 80 80 80 80 80 80 90 90 90 90 90 90 90 90 90 90 0 0 0 0 0 0 0 0 0 0 10 10 10 10 10 10 10 10 10 10 
20 20 20 20 20 20 20 20 20 20 30 30 30 30 30 30 30 30 30 30 40 40 40 40 40 40 40 40 40 40 50 50 50 50 50 50 50 50 50 50 60 60 60 60 60 60 60 60 60 60 70 70 70 70 70 70 70 70 70 70 80 80 80 80 80 80 80 80 80 80 90 90 90 90 90 90 90 90 90 90 0 0 0 0 0 0 0 0 0 0 10 10 10 10 10 10 10 10 10 10 
20 20 20 20 20 20 20 20 20 20 30 30 30 30 30 30 30 30 30 30 40 40 40 40 40 40 40 40 40 40 50 50 50 50 50 50 50 50 50 50 60 60 60 60 60 60 60 60 60 60 70 70 70 70 70 70 70 70 70 70 80 80 80 80 80 80 80 80 80 80 90 90 90 90 90 90 90 90 90 90 0 0 0 0 0 0 0 0 0 0 10 10 10 10 10 10 10 10 10 10 
20 20 20 20 20 20 20 20 20 20 30 30 30 30 30 30 30 30 30 30 40 40 40 40 40 40 40 40 40 40 50 50 50 50 50 50 50 50 50 50 60 60 60 60 60 60 60 60 60 60 70 70 70 70 70 70 70 70 70 70 80 80 80 80 80 80 80 80 80 80 90 90 90 90 90 90 90 90 90 90 0 0 0 0 0 0 0 0 0 0 10 10 10 10 10 10 10 10 10 10 
20 20 20 20 20 20 20 20 20 20 30 30 30 30 30 30 30 30 30 30 40 40 40 40 40 40 40 40 40 40 50 50 50 50 50 50 50 50 50 50 60 60 60 60 60 60 60 60 60 60 70 70 70 70 70 70 70 70 70 70 80 80 80 80 80 80 80 80 80 80 90 90 90 90 90 90 90 90 90 90 0 0 0 0 0 0 0 0 0 0 10 10 10 10 10 10 10 10 10 10 
20 20 20 20 20 20 20 20 20 20 30 30 30 30 30 30 30 30 30 30 40 40 40 40 40 40 40 40 40 40 50 50 50 50 50 50 50 50 50 50 60 60 60 60 60 60 60 60 60 60 70 70 70 70 70 70 70 70 70 70 80 80 80 80 80 80 80 80 80 80 90 90 90 90 90 90 90 90 90 90 0 0 0 0 0 0 0 0 0 0 10 10 10 10 10 10 10 10 10 10 
20 20 20 20 20 20 20 20 20 20 30 30 30 30 30 30 30 30 30 30 40 40 40 40 40 40 40 40 40 40 50 50 50 50 50 50 50 50 50 50 60 60 60 60 60 60 60 60 60 60 70 70 70 70 70 70 70 70 70 70 80 80 80 80 80 80 80 80 80 80 90 90 90 90 90 90 90 90 90 90 0 0 0 0 0 0 0 0 0 0 10 10 10 10 10 10 10 10 10 10 
20 20 20 20 20 20 20 20 20 20 30 30 30 30 30 30 30 30 30 30 40 40 40 40 40 40 40 40 40 40 50 50 50 50 50 50 50 50 50 50 60 60 60 60 60 60 60 60 60 60 70 70 70 70 70 70 70 70 70 70 80 80 80 80 80 80 80 80 80 80 90 90 90 90 90 90 90 90 90 90 0 0 0 0 0 0 0 0 0 0 10 10 10 10 10 10 10 10 10 10 
20 20 20 20 20 20 20 20 20 20 30 30 30 30 30 30 30 30 30 30 40 40 40 40 40 40 40 40 40 40 50 50 50 50 50 50 50 50 50 50 60 60 60 60 60 60 60 60 60 60 70 70 70 70 70 70 70 70 70 70 80 80 80 80 80 80 80 80 80 80 90 90 90 90 90 90 90 90 90 90 0 0 0 0 0 0 0 0 0 0 10 10 10 10 10 10 10 10 10 10 
20 20 20 20 20 20 20 20 20 20 30 30 30 30 30 30 30 30 30 30 40 40 40 40 40 40 40 40 40 40 50 50 50 50 50 50 50 50 50 50 60 60 60 60 60 60 60 60 60 60 70 70 70 70 70 70 70 70 70 70 80 80 80 80 80 80 80 80 80 80 90 90 90 90 90 90 90 90 90 90 0 0 0 0 0 0 0 0 0 0 10 10 10 10 10 10 10 10 10 10 
10 10 10 10 10 10 10 10 10 10 20 20 20 20 20 20 20 20 20 20 30 30 30 30 30 30 30 30 30 30 40 40 40 40 40 40 40 40 40 40 50 50 50 50 50 50 50 50 50 50 60 60 60 60 60 60 60 60 60 60 70 70 70 70 70 70 70 70 70 70 80 80 80 80 80 80 80 80 80 80 90 90 90 90 90 90 90 90 90 90 0 0 0 0 0 0 0 0 0 0 
10 10 10 10 10 10 10 10 10 10 20 20 20 20 20 20 20 20 20 20 30 30 30 30 30 30 30 30 30 30 40 40 40 40 40 40 40 40 40 40 50 50 50 50 50 50 50 50 50 50 60 60 60 60 60 60 60 60 60 60 70 70 70 70 70 70 70 70 70 70 80 80 80 80 80 80 80 80 80 80 90 90 90 90 90 90 90 90 90 90 0 0 0 0 0 0 0 0 0 0 
10 10 10 10 10 10 10 10 10 10 20 20 20 20 20 20 20 20 20 20 30 30 30 30 30 30 30 30 30 30 40 40 40 40 40 40 40 40 40 40 50 50 50 50 50 50 50 50 50 50 60 60 60 60 60 60 60 60 60 60 70 70 70 70 70 70 70 70 70 70 80 80 80 80 80 80 80 80 80 80 90 90 90 90 90 90 90 90 90 90 0 0 0 0 0 0 0 0 0 0 
10 10 10 10 10 10 10 10 10 10 20 20 20 20 20 20 20 20 20 20 30 30 30 30 30 30 30 30 30 30 40 40 40 40 40 40 40 40 40 40 50 50 50 50 50 50 50 50 50 50 60 60 60 60 60 60 60 60 60 60 70 70 70 70 70 70 70 70 70 70 80 80 80 80 80 80 80 80 80 80 90 90 90 90 90 90 90 90 90 90 0 0 0 0 0 0 0 0 0 0 
10 10 10 10 10 10 10 10 10 10 20 20 20 20 20 20 20 20 20 20 30 30 30 30 30 30 30 30 30 30 40 40 40 40 40 40 40 40 40 40 50 50 50 50 50 50 50 50 50 50 60 60 60 60 60 60 60 60 60 60 70 70 70 70 70 70 70 70 70 70 80 80 80 80 80 80 80 80 80 80 90 90 90 90 90 90 90 90 90 90 0 0 0 0 0 0 0 0 0 0 
10 10 10 10 10 10 10 10 10 10 20 20 20 20 20 20 20 20 20 20 30 30 30 30 30 30 30 30 30 30 40 40 40 40 40 40 40 40 40 40 50 50 50 50 50 50 50 50 50 50 60 60 60 60 60 60 60 60 60 60 70 70 70 70 70 70 70 70 70 70 80 80 80 80 80 80 80 80 80 80 90 90 90 90 90 90 90 90 90 90 0 0 0 0 0 0 0 0 0 0 
10 10 10 10 10 10 10 10 10 10 20 20 20 20 20 20 20 20 20 20 30 30 30 30 30 30 30 30 30 30 40 40 40 40 40 40 40 40 40 40 50 50 50 50 50 50 50 50 50 50 60 60 60 60 60 60 60 60 60 60 70 70 70 70 70 70 70 70 70 70 80 80 80 80 80 80 80 80 80 80 90 90 90 90 90 90 90 90 90 90 0 0 0 0 0 0 0 0 0 0 
10 10 10 10 10 10 10 10 10 10 20 20 20 20 20 20 20 20 20 20 30 30 30 30 30 30 30 30 30 30 40 40 40 40 40 40 40 40 40 40 50 50 50 50 50 50 50 50 50 50 60 60 60 60 60 60 60 60 60 60 70 70 70 70 70 70 70 70 70 70 80 80 80 80 80 80 80 80 80 80 90 90 90 90 90 90 90 90 90 90 0 0 0 0 0 0 0 0 0 0 
10 10 10 10 10 10 10 10 10 10 20 20 20 20 20 20 20 20 20 20 30 30 30 30 30 30 30 30 30 30 40 40 40 40 40 40 40 40 40 40 50 50 50 50 50 50 50 50 50 50 60 60 60 60 60 60 60 60 60 60 70 70 70 70 70 70 70 70 70 70 80 80 80 80 80 80 80 80 80 80 90 90 90 90 90 90 90 90 90 90 0 0 0 0 0 0 0 0 0 0 
10 10 10 10 10 10 10 10 10 10 20 20 20 20 20 20 20 20 20 20 30 30 30 30 30 30 30 30 30 30 40 40 40 40 40 40 40 40 40 40 50 50 50 50 50 50 50 50 50 50 60 60 60 60 60 60 60 60 60 60 70 70 70 70 70 70 70 70 70 70 80 80 80 80 80 80 80 80 80 80 90 90 90 90 90 90 90 90 90 90 0 0 0 0 0 0 0 0 0 0 

$transfer (resp. load/unload) time from (j-1)-th to j-th operation of job i; first of line is loading time, last of line is unloading time (for blocking job shop)
 11  2 10 15 16  8 10 11 18 15 19
 10  7 17  6 10  6 12  3 18  7  3
  2 15  7 14  2 10 11 12 16  7 13
  8 18 20 20  7  9  7  9  7  8 19
  5 15 10 10  1 13 18 14  4 15  4
  9  8 19  3  3 16  1 17  6 20 10
  2 17  1  2 13  8 19 10 15 15 16
  4 13 17 10  2 20 19 12 13 12 16
  9 17 17 20 14 17  5 12 17  5  1
 12  5 15  1 15 16 18 19 18  7  8

$time gaps between two consecutive operations of same job, can be negative,(one line for each job, #ofOpsOfThatJob-1 entries in one line) (for no-wait job shop)
0 0 0 0 0 0 0 0 0 
0 0 0 0 0 0 0 0 0 
0 0 0 0 0 0 0 0 0 
0 0 0 0 0 0 0 0 0 
0 0 0 0 0 0 0 0 0 
0 0 0 0 0 0 0 0 0 
0 0 0 0 0 0 0 0 0 
0 0 0 0 0 0 0 0 0 
0 0 0 0 0 0 0 0 0 
0 0 0 0 0 0 0 0 0 
