$instance la23
$Lawrence 15x10 instance (Table 7, instance 3); also called (setb3) or (B3)
15 10
7 84 5 58 8 77 2 44 4 97 6 89 3 5 1 58 9 96 0 9 
6 21 1 87 4 15 5 39 2 81 3 85 7 31 8 57 9 73 0 77 
0 40 5 71 8 34 9 82 3 70 6 22 4 10 7 80 2 48 1 49 
5 75 2 17 3 7 6 72 4 11 7 62 8 47 9 35 1 91 0 55 
9 20 4 12 6 71 7 67 0 64 2 94 8 15 5 50 3 75 1 90 
6 93 5 93 1 57 7 70 8 77 4 58 0 52 2 29 9 7 3 68 
7 56 0 95 8 48 4 26 2 82 1 63 9 36 3 27 6 87 5 6 
3 76 5 15 9 78 1 8 8 41 2 36 4 30 6 84 0 36 7 76 
0 75 7 13 2 81 8 29 4 54 6 82 5 88 1 78 9 40 3 13 
2 6 1 26 7 32 6 64 4 54 0 52 5 82 3 6 9 88 8 54 
8 62 2 67 5 32 0 62 7 69 3 61 1 35 4 72 9 5 6 93 
2 78 9 90 0 85 1 72 8 64 6 63 3 11 7 82 5 88 4 7 
4 28 9 11 7 50 6 88 0 44 5 31 2 27 1 66 8 49 3 35 
2 14 5 39 6 56 4 62 3 97 9 66 7 69 1 7 8 47 0 76 
1 18 8 93 7 58 6 47 3 69 9 57 2 41 5 53 4 79 0 64 

$initial setup times (for each operation) 
10 10 10 10 10 10 10 10 10 10 20 20 20 20 20 20 20 20 20 20 30 30 30 30 30 30 30 30 30 30 40 40 40 40 40 40 40 40 40 40 50 50 50 50 50 50 50 50 50 50 60 60 60 60 60 60 60 60 60 60 70 70 70 70 70 70 70 70 70 70 80 80 80 80 80 80 80 80 80 80 90 90 90 90 90 90 90 90 90 90 100 100 100 100 100 100 100 100 100 100 110 110 110 110 110 110 110 110 110 110 120 120 120 120 120 120 120 120 120 120 130 130 130 130 130 130 130 130 130 130 140 140 140 140 140 140 140 140 140 140 150 150 150 150 150 150 150 150 150 150 

$final setup times (for each operation)
0 0 0 0 0 0 0 0 0 0 0 0 0 0 0 0 0 0 0 0 0 0 0 0 0 0 0 0 0 0 0 0 0 0 0 0 0 0 0 0 0 0 0 0 0 0 0 0 0 0 0 0 0 0 0 0 0 0 0 0 0 0 0 0 0 0 0 0 0 0 0 0 0 0 0 0 0 0 0 0 0 0 0 0 0 0 0 0 0 0 0 0 0 0 0 0 0 0 0 0 0 0 0 0 0 0 0 0 0 0 0 0 0 0 0 0 0 0 0 0 0 0 0 0 0 0 0 0 0 0 0 0 0 0 0 0 0 0 0 0 0 0 0 0 0 0 0 0 0 0 

$setup times between each pair of operations (from op -> to op)
0 0 0 0 0 0 0 0 0 0 10 10 10 10 10 10 10 10 10 10 20 20 20 20 20 20 20 20 20 20 30 30 30 30 30 30 30 30 30 30 40 40 40 40 40 40 40 40 40 40 50 50 50 50 50 50 50 50 50 50 60 60 60 60 60 60 60 60 60 60 70 70 70 70 70 70 70 70 70 70 80 80 80 80 80 80 80 80 80 80 90 90 90 90 90 90 90 90 90 90 100 100 100 100 100 100 100 100 100 100 110 110 110 110 110 110 110 110 110 110 120 120 120 120 120 120 120 120 120 120 130 130 130 130 130 130 130 130 130 130 140 140 140 140 140 140 140 140 140 140 
0 0 0 0 0 0 0 0 0 0 10 10 10 10 10 10 10 10 10 10 20 20 20 20 20 20 20 20 20 20 30 30 30 30 30 30 30 30 30 30 40 40 40 40 40 40 40 40 40 40 50 50 50 50 50 50 50 50 50 50 60 60 60 60 60 60 60 60 60 60 70 70 70 70 70 70 70 70 70 70 80 80 80 80 80 80 80 80 80 80 90 90 90 90 90 90 90 90 90 90 100 100 100 100 100 100 100 100 100 100 110 110 110 110 110 110 110 110 110 110 120 120 120 120 120 120 120 120 120 120 130 130 130 130 130 130 130 130 130 130 140 140 140 140 140 140 140 140 140 140 
0 0 0 0 0 0 0 0 0 0 10 10 10 10 10 10 10 10 10 10 20 20 20 20 20 20 20 20 20 20 30 30 30 30 30 30 30 30 30 30 40 40 40 40 40 40 40 40 40 40 50 50 50 50 50 50 50 50 50 50 60 60 60 60 60 60 60 60 60 60 70 70 70 70 70 70 70 70 70 70 80 80 80 80 80 80 80 80 80 80 90 90 90 90 90 90 90 90 90 90 100 100 100 100 100 100 100 100 100 100 110 110 110 110 110 110 110 110 110 110 120 120 120 120 120 120 120 120 120 120 130 130 130 130 130 130 130 130 130 130 140 140 140 140 140 140 140 140 140 140 
0 0 0 0 0 0 0 0 0 0 10 10 10 10 10 10 10 10 10 10 20 20 20 20 20 20 20 20 20 20 30 30 30 30 30 30 30 30 30 30 40 40 40 40 40 40 40 40 40 40 50 50 50 50 50 50 50 50 50 50 60 60 60 60 60 60 60 60 60 60 70 70 70 70 70 70 70 70 70 70 80 80 80 80 80 80 80 80 80 80 90 90 90 90 90 90 90 90 90 90 100 100 100 100 100 100 100 100 100 100 110 110 110 110 110 110 110 110 110 110 120 120 120 120 120 120 120 120 120 120 130 130 130 130 130 130 130 130 130 130 140 140 140 140 140 140 140 140 140 140 
0 0 0 0 0 0 0 0 0 0 10 10 10 10 10 10 10 10 10 10 20 20 20 20 20 20 20 20 20 20 30 30 30 30 30 30 30 30 30 30 40 40 40 40 40 40 40 40 40 40 50 50 50 50 50 50 50 50 50 50 60 60 60 60 60 60 60 60 60 60 70 70 70 70 70 70 70 70 70 70 80 80 80 80 80 80 80 80 80 80 90 90 90 90 90 90 90 90 90 90 100 100 100 100 100 100 100 100 100 100 110 110 110 110 110 110 110 110 110 110 120 120 120 120 120 120 120 120 120 120 130 130 130 130 130 130 130 130 130 130 140 140 140 140 140 140 140 140 140 140 
0 0 0 0 0 0 0 0 0 0 10 10 10 10 10 10 10 10 10 10 20 20 20 20 20 20 20 20 20 20 30 30 30 30 30 30 30 30 30 30 40 40 40 40 40 40 40 40 40 40 50 50 50 50 50 50 50 50 50 50 60 60 60 60 60 60 60 60 60 60 70 70 70 70 70 70 70 70 70 70 80 80 80 80 80 80 80 80 80 80 90 90 90 90 90 90 90 90 90 90 100 100 100 100 100 100 100 100 100 100 110 110 110 110 110 110 110 110 110 110 120 120 120 120 120 120 120 120 120 120 130 130 130 130 130 130 130 130 130 130 140 140 140 140 140 140 140 140 140 140 
0 0 0 0 0 0 0 0 0 0 10 10 10 10 10 10 10 10 10 10 20 20 20 20 20 20 20 20 20 20 30 30 30 30 30 30 30 30 30 30 40 40 40 40 40 40 40 40 40 40 50 50 50 50 50 50 50 50 50 50 60 60 60 60 60 60 60 60 60 60 70 70 70 70 70 70 70 70 70 70 80 80 80 80 80 80 80 80 80 80 90 90 90 90 90 90 90 90 90 90 100 100 100 100 100 100 100 100 100 100 110 110 110 110 110 110 110 110 110 110 120 120 120 120 120 120 120 120 120 120 130 130 130 130 130 130 130 130 130 130 140 140 140 140 140 140 140 140 140 140 
0 0 0 0 0 0 0 0 0 0 10 10 10 10 10 10 10 10 10 10 20 20 20 20 20 20 20 20 20 20 30 30 30 30 30 30 30 30 30 30 40 40 40 40 40 40 40 40 40 40 50 50 50 50 50 50 50 50 50 50 60 60 60 60 60 60 60 60 60 60 70 70 70 70 70 70 70 70 70 70 80 80 80 80 80 80 80 80 80 80 90 90 90 90 90 90 90 90 90 90 100 100 100 100 100 100 100 100 100 100 110 110 110 110 110 110 110 110 110 110 120 120 120 120 120 120 120 120 120 120 130 130 130 130 130 130 130 130 130 130 140 140 140 140 140 140 140 140 140 140 
0 0 0 0 0 0 0 0 0 0 10 10 10 10 10 10 10 10 10 10 20 20 20 20 20 20 20 20 20 20 30 30 30 30 30 30 30 30 30 30 40 40 40 40 40 40 40 40 40 40 50 50 50 50 50 50 50 50 50 50 60 60 60 60 60 60 60 60 60 60 70 70 70 70 70 70 70 70 70 70 80 80 80 80 80 80 80 80 80 80 90 90 90 90 90 90 90 90 90 90 100 100 100 100 100 100 100 100 100 100 110 110 110 110 110 110 110 110 110 110 120 120 120 120 120 120 120 120 120 120 130 130 130 130 130 130 130 130 130 130 140 140 140 140 140 140 140 140 140 140 
0 0 0 0 0 0 0 0 0 0 10 10 10 10 10 10 10 10 10 10 20 20 20 20 20 20 20 20 20 20 30 30 30 30 30 30 30 30 30 30 40 40 40 40 40 40 40 40 40 40 50 50 50 50 50 50 50 50 50 50 60 60 60 60 60 60 60 60 60 60 70 70 70 70 70 70 70 70 70 70 80 80 80 80 80 80 80 80 80 80 90 90 90 90 90 90 90 90 90 90 100 100 100 100 100 100 100 100 100 100 110 110 110 110 110 110 110 110 110 110 120 120 120 120 120 120 120 120 120 120 130 130 130 130 130 130 130 130 130 130 140 140 140 140 140 140 140 140 140 140 
140 140 140 140 140 140 140 140 140 140 0 0 0 0 0 0 0 0 0 0 10 10 10 10 10 10 10 10 10 10 20 20 20 20 20 20 20 20 20 20 30 30 30 30 30 30 30 30 30 30 40 40 40 40 40 40 40 40 40 40 50 50 50 50 50 50 50 50 50 50 60 60 60 60 60 60 60 60 60 60 70 70 70 70 70 70 70 70 70 70 80 80 80 80 80 80 80 80 80 80 90 90 90 90 90 90 90 90 90 90 100 100 100 100 100 100 100 100 100 100 110 110 110 110 110 110 110 110 110 110 120 120 120 120 120 120 120 120 120 120 130 130 130 130 130 130 130 130 130 130 
140 140 140 140 140 140 140 140 140 140 0 0 0 0 0 0 0 0 0 0 10 10 10 10 10 10 10 10 10 10 20 20 20 20 20 20 20 20 20 20 30 30 30 30 30 30 30 30 30 30 40 40 40 40 40 40 40 40 40 40 50 50 50 50 50 50 50 50 50 50 60 60 60 60 60 60 60 60 60 60 70 70 70 70 70 70 70 70 70 70 80 80 80 80 80 80 80 80 80 80 90 90 90 90 90 90 90 90 90 90 100 100 100 100 100 100 100 100 100 100 110 110 110 110 110 110 110 110 110 110 120 120 120 120 120 120 120 120 120 120 130 130 130 130 130 130 130 130 130 130 
140 140 140 140 140 140 140 140 140 140 0 0 0 0 0 0 0 0 0 0 10 10 10 10 10 10 10 10 10 10 20 20 20 20 20 20 20 20 20 20 30 30 30 30 30 30 30 30 30 30 40 40 40 40 40 40 40 40 40 40 50 50 50 50 50 50 50 50 50 50 60 60 60 60 60 60 60 60 60 60 70 70 70 70 70 70 70 70 70 70 80 80 80 80 80 80 80 80 80 80 90 90 90 90 90 90 90 90 90 90 100 100 100 100 100 100 100 100 100 100 110 110 110 110 110 110 110 110 110 110 120 120 120 120 120 120 120 120 120 120 130 130 130 130 130 130 130 130 130 130 
140 140 140 140 140 140 140 140 140 140 0 0 0 0 0 0 0 0 0 0 10 10 10 10 10 10 10 10 10 10 20 20 20 20 20 20 20 20 20 20 30 30 30 30 30 30 30 30 30 30 40 40 40 40 40 40 40 40 40 40 50 50 50 50 50 50 50 50 50 50 60 60 60 60 60 60 60 60 60 60 70 70 70 70 70 70 70 70 70 70 80 80 80 80 80 80 80 80 80 80 90 90 90 90 90 90 90 90 90 90 100 100 100 100 100 100 100 100 100 100 110 110 110 110 110 110 110 110 110 110 120 120 120 120 120 120 120 120 120 120 130 130 130 130 130 130 130 130 130 130 
140 140 140 140 140 140 140 140 140 140 0 0 0 0 0 0 0 0 0 0 10 10 10 10 10 10 10 10 10 10 20 20 20 20 20 20 20 20 20 20 30 30 30 30 30 30 30 30 30 30 40 40 40 40 40 40 40 40 40 40 50 50 50 50 50 50 50 50 50 50 60 60 60 60 60 60 60 60 60 60 70 70 70 70 70 70 70 70 70 70 80 80 80 80 80 80 80 80 80 80 90 90 90 90 90 90 90 90 90 90 100 100 100 100 100 100 100 100 100 100 110 110 110 110 110 110 110 110 110 110 120 120 120 120 120 120 120 120 120 120 130 130 130 130 130 130 130 130 130 130 
140 140 140 140 140 140 140 140 140 140 0 0 0 0 0 0 0 0 0 0 10 10 10 10 10 10 10 10 10 10 20 20 20 20 20 20 20 20 20 20 30 30 30 30 30 30 30 30 30 30 40 40 40 40 40 40 40 40 40 40 50 50 50 50 50 50 50 50 50 50 60 60 60 60 60 60 60 60 60 60 70 70 70 70 70 70 70 70 70 70 80 80 80 80 80 80 80 80 80 80 90 90 90 90 90 90 90 90 90 90 100 100 100 100 100 100 100 100 100 100 110 110 110 110 110 110 110 110 110 110 120 120 120 120 120 120 120 120 120 120 130 130 130 130 130 130 130 130 130 130 
140 140 140 140 140 140 140 140 140 140 0 0 0 0 0 0 0 0 0 0 10 10 10 10 10 10 10 10 10 10 20 20 20 20 20 20 20 20 20 20 30 30 30 30 30 30 30 30 30 30 40 40 40 40 40 40 40 40 40 40 50 50 50 50 50 50 50 50 50 50 60 60 60 60 60 60 60 60 60 60 70 70 70 70 70 70 70 70 70 70 80 80 80 80 80 80 80 80 80 80 90 90 90 90 90 90 90 90 90 90 100 100 100 100 100 100 100 100 100 100 110 110 110 110 110 110 110 110 110 110 120 120 120 120 120 120 120 120 120 120 130 130 130 130 130 130 130 130 130 130 
140 140 140 140 140 140 140 140 140 140 0 0 0 0 0 0 0 0 0 0 10 10 10 10 10 10 10 10 10 10 20 20 20 20 20 20 20 20 20 20 30 30 30 30 30 30 30 30 30 30 40 40 40 40 40 40 40 40 40 40 50 50 50 50 50 50 50 50 50 50 60 60 60 60 60 60 60 60 60 60 70 70 70 70 70 70 70 70 70 70 80 80 80 80 80 80 80 80 80 80 90 90 90 90 90 90 90 90 90 90 100 100 100 100 100 100 100 100 100 100 110 110 110 110 110 110 110 110 110 110 120 120 120 120 120 120 120 120 120 120 130 130 130 130 130 130 130 130 130 130 
140 140 140 140 140 140 140 140 140 140 0 0 0 0 0 0 0 0 0 0 10 10 10 10 10 10 10 10 10 10 20 20 20 20 20 20 20 20 20 20 30 30 30 30 30 30 30 30 30 30 40 40 40 40 40 40 40 40 40 40 50 50 50 50 50 50 50 50 50 50 60 60 60 60 60 60 60 60 60 60 70 70 70 70 70 70 70 70 70 70 80 80 80 80 80 80 80 80 80 80 90 90 90 90 90 90 90 90 90 90 100 100 100 100 100 100 100 100 100 100 110 110 110 110 110 110 110 110 110 110 120 120 120 120 120 120 120 120 120 120 130 130 130 130 130 130 130 130 130 130 
140 140 140 140 140 140 140 140 140 140 0 0 0 0 0 0 0 0 0 0 10 10 10 10 10 10 10 10 10 10 20 20 20 20 20 20 20 20 20 20 30 30 30 30 30 30 30 30 30 30 40 40 40 40 40 40 40 40 40 40 50 50 50 50 50 50 50 50 50 50 60 60 60 60 60 60 60 60 60 60 70 70 70 70 70 70 70 70 70 70 80 80 80 80 80 80 80 80 80 80 90 90 90 90 90 90 90 90 90 90 100 100 100 100 100 100 100 100 100 100 110 110 110 110 110 110 110 110 110 110 120 120 120 120 120 120 120 120 120 120 130 130 130 130 130 130 130 130 130 130 
130 130 130 130 130 130 130 130 130 130 140 140 140 140 140 140 140 140 140 140 0 0 0 0 0 0 0 0 0 0 10 10 10 10 10 10 10 10 10 10 20 20 20 20 20 20 20 20 20 20 30 30 30 30 30 30 30 30 30 30 40 40 40 40 40 40 40 40 40 40 50 50 50 50 50 50 50 50 50 50 60 60 60 60 60 60 60 60 60 60 70 70 70 70 70 70 70 70 70 70 80 80 80 80 80 80 80 80 80 80 90 90 90 90 90 90 90 90 90 90 100 100 100 100 100 100 100 100 100 100 110 110 110 110 110 110 110 110 110 110 120 120 120 120 120 120 120 120 120 120 
130 130 130 130 130 130 130 130 130 130 140 140 140 140 140 140 140 140 140 140 0 0 0 0 0 0 0 0 0 0 10 10 10 10 10 10 10 10 10 10 20 20 20 20 20 20 20 20 20 20 30 30 30 30 30 30 30 30 30 30 40 40 40 40 40 40 40 40 40 40 50 50 50 50 50 50 50 50 50 50 60 60 60 60 60 60 60 60 60 60 70 70 70 70 70 70 70 70 70 70 80 80 80 80 80 80 80 80 80 80 90 90 90 90 90 90 90 90 90 90 100 100 100 100 100 100 100 100 100 100 110 110 110 110 110 110 110 110 110 110 120 120 120 120 120 120 120 120 120 120 
130 130 130 130 130 130 130 130 130 130 140 140 140 140 140 140 140 140 140 140 0 0 0 0 0 0 0 0 0 0 10 10 10 10 10 10 10 10 10 10 20 20 20 20 20 20 20 20 20 20 30 30 30 30 30 30 30 30 30 30 40 40 40 40 40 40 40 40 40 40 50 50 50 50 50 50 50 50 50 50 60 60 60 60 60 60 60 60 60 60 70 70 70 70 70 70 70 70 70 70 80 80 80 80 80 80 80 80 80 80 90 90 90 90 90 90 90 90 90 90 100 100 100 100 100 100 100 100 100 100 110 110 110 110 110 110 110 110 110 110 120 120 120 120 120 120 120 120 120 120 
130 130 130 130 130 130 130 130 130 130 140 140 140 140 140 140 140 140 140 140 0 0 0 0 0 0 0 0 0 0 10 10 10 10 10 10 10 10 10 10 20 20 20 20 20 20 20 20 20 20 30 30 30 30 30 30 30 30 30 30 40 40 40 40 40 40 40 40 40 40 50 50 50 50 50 50 50 50 50 50 60 60 60 60 60 60 60 60 60 60 70 70 70 70 70 70 70 70 70 70 80 80 80 80 80 80 80 80 80 80 90 90 90 90 90 90 90 90 90 90 100 100 100 100 100 100 100 100 100 100 110 110 110 110 110 110 110 110 110 110 120 120 120 120 120 120 120 120 120 120 
130 130 130 130 130 130 130 130 130 130 140 140 140 140 140 140 140 140 140 140 0 0 0 0 0 0 0 0 0 0 10 10 10 10 10 10 10 10 10 10 20 20 20 20 20 20 20 20 20 20 30 30 30 30 30 30 30 30 30 30 40 40 40 40 40 40 40 40 40 40 50 50 50 50 50 50 50 50 50 50 60 60 60 60 60 60 60 60 60 60 70 70 70 70 70 70 70 70 70 70 80 80 80 80 80 80 80 80 80 80 90 90 90 90 90 90 90 90 90 90 100 100 100 100 100 100 100 100 100 100 110 110 110 110 110 110 110 110 110 110 120 120 120 120 120 120 120 120 120 120 
130 130 130 130 130 130 130 130 130 130 140 140 140 140 140 140 140 140 140 140 0 0 0 0 0 0 0 0 0 0 10 10 10 10 10 10 10 10 10 10 20 20 20 20 20 20 20 20 20 20 30 30 30 30 30 30 30 30 30 30 40 40 40 40 40 40 40 40 40 40 50 50 50 50 50 50 50 50 50 50 60 60 60 60 60 60 60 60 60 60 70 70 70 70 70 70 70 70 70 70 80 80 80 80 80 80 80 80 80 80 90 90 90 90 90 90 90 90 90 90 100 100 100 100 100 100 100 100 100 100 110 110 110 110 110 110 110 110 110 110 120 120 120 120 120 120 120 120 120 120 
130 130 130 130 130 130 130 130 130 130 140 140 140 140 140 140 140 140 140 140 0 0 0 0 0 0 0 0 0 0 10 10 10 10 10 10 10 10 10 10 20 20 20 20 20 20 20 20 20 20 30 30 30 30 30 30 30 30 30 30 40 40 40 40 40 40 40 40 40 40 50 50 50 50 50 50 50 50 50 50 60 60 60 60 60 60 60 60 60 60 70 70 70 70 70 70 70 70 70 70 80 80 80 80 80 80 80 80 80 80 90 90 90 90 90 90 90 90 90 90 100 100 100 100 100 100 100 100 100 100 110 110 110 110 110 110 110 110 110 110 120 120 120 120 120 120 120 120 120 120 
130 130 130 130 130 130 130 130 130 130 140 140 140 140 140 140 140 140 140 140 0 0 0 0 0 0 0 0 0 0 10 10 10 10 10 10 10 10 10 10 20 20 20 20 20 20 20 20 20 20 30 30 30 30 30 30 30 30 30 30 40 40 40 40 40 40 40 40 40 40 50 50 50 50 50 50 50 50 50 50 60 60 60 60 60 60 60 60 60 60 70 70 70 70 70 70 70 70 70 70 80 80 80 80 80 80 80 80 80 80 90 90 90 90 90 90 90 90 90 90 100 100 100 100 100 100 100 100 100 100 110 110 110 110 110 110 110 110 110 110 120 120 120 120 120 120 120 120 120 120 
130 130 130 130 130 130 130 130 130 130 140 140 140 140 140 140 140 140 140 140 0 0 0 0 0 0 0 0 0 0 10 10 10 10 10 10 10 10 10 10 20 20 20 20 20 20 20 20 20 20 30 30 30 30 30 30 30 30 30 30 40 40 40 40 40 40 40 40 40 40 50 50 50 50 50 50 50 50 50 50 60 60 60 60 60 60 60 60 60 60 70 70 70 70 70 70 70 70 70 70 80 80 80 80 80 80 80 80 80 80 90 90 90 90 90 90 90 90 90 90 100 100 100 100 100 100 100 100 100 100 110 110 110 110 110 110 110 110 110 110 120 120 120 120 120 120 120 120 120 120 
130 130 130 130 130 130 130 130 130 130 140 140 140 140 140 140 140 140 140 140 0 0 0 0 0 0 0 0 0 0 10 10 10 10 10 10 10 10 10 10 20 20 20 20 20 20 20 20 20 20 30 30 30 30 30 30 30 30 30 30 40 40 40 40 40 40 40 40 40 40 50 50 50 50 50 50 50 50 50 50 60 60 60 60 60 60 60 60 60 60 70 70 70 70 70 70 70 70 70 70 80 80 80 80 80 80 80 80 80 80 90 90 90 90 90 90 90 90 90 90 100 100 100 100 100 100 100 100 100 100 110 110 110 110 110 110 110 110 110 110 120 120 120 120 120 120 120 120 120 120 
120 120 120 120 120 120 120 120 120 120 130 130 130 130 130 130 130 130 130 130 140 140 140 140 140 140 140 140 140 140 0 0 0 0 0 0 0 0 0 0 10 10 10 10 10 10 10 10 10 10 20 20 20 20 20 20 20 20 20 20 30 30 30 30 30 30 30 30 30 30 40 40 40 40 40 40 40 40 40 40 50 50 50 50 50 50 50 50 50 50 60 60 60 60 60 60 60 60 60 60 70 70 70 70 70 70 70 70 70 70 80 80 80 80 80 80 80 80 80 80 90 90 90 90 90 90 90 90 90 90 100 100 100 100 100 100 100 100 100 100 110 110 110 110 110 110 110 110 110 110 
120 120 120 120 120 120 120 120 120 120 130 130 130 130 130 130 130 130 130 130 140 140 140 140 140 140 140 140 140 140 0 0 0 0 0 0 0 0 0 0 10 10 10 10 10 10 10 10 10 10 20 20 20 20 20 20 20 20 20 20 30 30 30 30 30 30 30 30 30 30 40 40 40 40 40 40 40 40 40 40 50 50 50 50 50 50 50 50 50 50 60 60 60 60 60 60 60 60 60 60 70 70 70 70 70 70 70 70 70 70 80 80 80 80 80 80 80 80 80 80 90 90 90 90 90 90 90 90 90 90 100 100 100 100 100 100 100 100 100 100 110 110 110 110 110 110 110 110 110 110 
120 120 120 120 120 120 120 120 120 120 130 130 130 130 130 130 130 130 130 130 140 140 140 140 140 140 140 140 140 140 0 0 0 0 0 0 0 0 0 0 10 10 10 10 10 10 10 10 10 10 20 20 20 20 20 20 20 20 20 20 30 30 30 30 30 30 30 30 30 30 40 40 40 40 40 40 40 40 40 40 50 50 50 50 50 50 50 50 50 50 60 60 60 60 60 60 60 60 60 60 70 70 70 70 70 70 70 70 70 70 80 80 80 80 80 80 80 80 80 80 90 90 90 90 90 90 90 90 90 90 100 100 100 100 100 100 100 100 100 100 110 110 110 110 110 110 110 110 110 110 
120 120 120 120 120 120 120 120 120 120 130 130 130 130 130 130 130 130 130 130 140 140 140 140 140 140 140 140 140 140 0 0 0 0 0 0 0 0 0 0 10 10 10 10 10 10 10 10 10 10 20 20 20 20 20 20 20 20 20 20 30 30 30 30 30 30 30 30 30 30 40 40 40 40 40 40 40 40 40 40 50 50 50 50 50 50 50 50 50 50 60 60 60 60 60 60 60 60 60 60 70 70 70 70 70 70 70 70 70 70 80 80 80 80 80 80 80 80 80 80 90 90 90 90 90 90 90 90 90 90 100 100 100 100 100 100 100 100 100 100 110 110 110 110 110 110 110 110 110 110 
120 120 120 120 120 120 120 120 120 120 130 130 130 130 130 130 130 130 130 130 140 140 140 140 140 140 140 140 140 140 0 0 0 0 0 0 0 0 0 0 10 10 10 10 10 10 10 10 10 10 20 20 20 20 20 20 20 20 20 20 30 30 30 30 30 30 30 30 30 30 40 40 40 40 40 40 40 40 40 40 50 50 50 50 50 50 50 50 50 50 60 60 60 60 60 60 60 60 60 60 70 70 70 70 70 70 70 70 70 70 80 80 80 80 80 80 80 80 80 80 90 90 90 90 90 90 90 90 90 90 100 100 100 100 100 100 100 100 100 100 110 110 110 110 110 110 110 110 110 110 
120 120 120 120 120 120 120 120 120 120 130 130 130 130 130 130 130 130 130 130 140 140 140 140 140 140 140 140 140 140 0 0 0 0 0 0 0 0 0 0 10 10 10 10 10 10 10 10 10 10 20 20 20 20 20 20 20 20 20 20 30 30 30 30 30 30 30 30 30 30 40 40 40 40 40 40 40 40 40 40 50 50 50 50 50 50 50 50 50 50 60 60 60 60 60 60 60 60 60 60 70 70 70 70 70 70 70 70 70 70 80 80 80 80 80 80 80 80 80 80 90 90 90 90 90 90 90 90 90 90 100 100 100 100 100 100 100 100 100 100 110 110 110 110 110 110 110 110 110 110 
120 120 120 120 120 120 120 120 120 120 130 130 130 130 130 130 130 130 130 130 140 140 140 140 140 140 140 140 140 140 0 0 0 0 0 0 0 0 0 0 10 10 10 10 10 10 10 10 10 10 20 20 20 20 20 20 20 20 20 20 30 30 30 30 30 30 30 30 30 30 40 40 40 40 40 40 40 40 40 40 50 50 50 50 50 50 50 50 50 50 60 60 60 60 60 60 60 60 60 60 70 70 70 70 70 70 70 70 70 70 80 80 80 80 80 80 80 80 80 80 90 90 90 90 90 90 90 90 90 90 100 100 100 100 100 100 100 100 100 100 110 110 110 110 110 110 110 110 110 110 
120 120 120 120 120 120 120 120 120 120 130 130 130 130 130 130 130 130 130 130 140 140 140 140 140 140 140 140 140 140 0 0 0 0 0 0 0 0 0 0 10 10 10 10 10 10 10 10 10 10 20 20 20 20 20 20 20 20 20 20 30 30 30 30 30 30 30 30 30 30 40 40 40 40 40 40 40 40 40 40 50 50 50 50 50 50 50 50 50 50 60 60 60 60 60 60 60 60 60 60 70 70 70 70 70 70 70 70 70 70 80 80 80 80 80 80 80 80 80 80 90 90 90 90 90 90 90 90 90 90 100 100 100 100 100 100 100 100 100 100 110 110 110 110 110 110 110 110 110 110 
120 120 120 120 120 120 120 120 120 120 130 130 130 130 130 130 130 130 130 130 140 140 140 140 140 140 140 140 140 140 0 0 0 0 0 0 0 0 0 0 10 10 10 10 10 10 10 10 10 10 20 20 20 20 20 20 20 20 20 20 30 30 30 30 30 30 30 30 30 30 40 40 40 40 40 40 40 40 40 40 50 50 50 50 50 50 50 50 50 50 60 60 60 60 60 60 60 60 60 60 70 70 70 70 70 70 70 70 70 70 80 80 80 80 80 80 80 80 80 80 90 90 90 90 90 90 90 90 90 90 100 100 100 100 100 100 100 100 100 100 110 110 110 110 110 110 110 110 110 110 
120 120 120 120 120 120 120 120 120 120 130 130 130 130 130 130 130 130 130 130 140 140 140 140 140 140 140 140 140 140 0 0 0 0 0 0 0 0 0 0 10 10 10 10 10 10 10 10 10 10 20 20 20 20 20 20 20 20 20 20 30 30 30 30 30 30 30 30 30 30 40 40 40 40 40 40 40 40 40 40 50 50 50 50 50 50 50 50 50 50 60 60 60 60 60 60 60 60 60 60 70 70 70 70 70 70 70 70 70 70 80 80 80 80 80 80 80 80 80 80 90 90 90 90 90 90 90 90 90 90 100 100 100 100 100 100 100 100 100 100 110 110 110 110 110 110 110 110 110 110 
110 110 110 110 110 110 110 110 110 110 120 120 120 120 120 120 120 120 120 120 130 130 130 130 130 130 130 130 130 130 140 140 140 140 140 140 140 140 140 140 0 0 0 0 0 0 0 0 0 0 10 10 10 10 10 10 10 10 10 10 20 20 20 20 20 20 20 20 20 20 30 30 30 30 30 30 30 30 30 30 40 40 40 40 40 40 40 40 40 40 50 50 50 50 50 50 50 50 50 50 60 60 60 60 60 60 60 60 60 60 70 70 70 70 70 70 70 70 70 70 80 80 80 80 80 80 80 80 80 80 90 90 90 90 90 90 90 90 90 90 100 100 100 100 100 100 100 100 100 100 
110 110 110 110 110 110 110 110 110 110 120 120 120 120 120 120 120 120 120 120 130 130 130 130 130 130 130 130 130 130 140 140 140 140 140 140 140 140 140 140 0 0 0 0 0 0 0 0 0 0 10 10 10 10 10 10 10 10 10 10 20 20 20 20 20 20 20 20 20 20 30 30 30 30 30 30 30 30 30 30 40 40 40 40 40 40 40 40 40 40 50 50 50 50 50 50 50 50 50 50 60 60 60 60 60 60 60 60 60 60 70 70 70 70 70 70 70 70 70 70 80 80 80 80 80 80 80 80 80 80 90 90 90 90 90 90 90 90 90 90 100 100 100 100 100 100 100 100 100 100 
110 110 110 110 110 110 110 110 110 110 120 120 120 120 120 120 120 120 120 120 130 130 130 130 130 130 130 130 130 130 140 140 140 140 140 140 140 140 140 140 0 0 0 0 0 0 0 0 0 0 10 10 10 10 10 10 10 10 10 10 20 20 20 20 20 20 20 20 20 20 30 30 30 30 30 30 30 30 30 30 40 40 40 40 40 40 40 40 40 40 50 50 50 50 50 50 50 50 50 50 60 60 60 60 60 60 60 60 60 60 70 70 70 70 70 70 70 70 70 70 80 80 80 80 80 80 80 80 80 80 90 90 90 90 90 90 90 90 90 90 100 100 100 100 100 100 100 100 100 100 
110 110 110 110 110 110 110 110 110 110 120 120 120 120 120 120 120 120 120 120 130 130 130 130 130 130 130 130 130 130 140 140 140 140 140 140 140 140 140 140 0 0 0 0 0 0 0 0 0 0 10 10 10 10 10 10 10 10 10 10 20 20 20 20 20 20 20 20 20 20 30 30 30 30 30 30 30 30 30 30 40 40 40 40 40 40 40 40 40 40 50 50 50 50 50 50 50 50 50 50 60 60 60 60 60 60 60 60 60 60 70 70 70 70 70 70 70 70 70 70 80 80 80 80 80 80 80 80 80 80 90 90 90 90 90 90 90 90 90 90 100 100 100 100 100 100 100 100 100 100 
110 110 110 110 110 110 110 110 110 110 120 120 120 120 120 120 120 120 120 120 130 130 130 130 130 130 130 130 130 130 140 140 140 140 140 140 140 140 140 140 0 0 0 0 0 0 0 0 0 0 10 10 10 10 10 10 10 10 10 10 20 20 20 20 20 20 20 20 20 20 30 30 30 30 30 30 30 30 30 30 40 40 40 40 40 40 40 40 40 40 50 50 50 50 50 50 50 50 50 50 60 60 60 60 60 60 60 60 60 60 70 70 70 70 70 70 70 70 70 70 80 80 80 80 80 80 80 80 80 80 90 90 90 90 90 90 90 90 90 90 100 100 100 100 100 100 100 100 100 100 
110 110 110 110 110 110 110 110 110 110 120 120 120 120 120 120 120 120 120 120 130 130 130 130 130 130 130 130 130 130 140 140 140 140 140 140 140 140 140 140 0 0 0 0 0 0 0 0 0 0 10 10 10 10 10 10 10 10 10 10 20 20 20 20 20 20 20 20 20 20 30 30 30 30 30 30 30 30 30 30 40 40 40 40 40 40 40 40 40 40 50 50 50 50 50 50 50 50 50 50 60 60 60 60 60 60 60 60 60 60 70 70 70 70 70 70 70 70 70 70 80 80 80 80 80 80 80 80 80 80 90 90 90 90 90 90 90 90 90 90 100 100 100 100 100 100 100 100 100 100 
110 110 110 110 110 110 110 110 110 110 120 120 120 120 120 120 120 120 120 120 130 130 130 130 130 130 130 130 130 130 140 140 140 140 140 140 140 140 140 140 0 0 0 0 0 0 0 0 0 0 10 10 10 10 10 10 10 10 10 10 20 20 20 20 20 20 20 20 20 20 30 30 30 30 30 30 30 30 30 30 40 40 40 40 40 40 40 40 40 40 50 50 50 50 50 50 50 50 50 50 60 60 60 60 60 60 60 60 60 60 70 70 70 70 70 70 70 70 70 70 80 80 80 80 80 80 80 80 80 80 90 90 90 90 90 90 90 90 90 90 100 100 100 100 100 100 100 100 100 100 
110 110 110 110 110 110 110 110 110 110 120 120 120 120 120 120 120 120 120 120 130 130 130 130 130 130 130 130 130 130 140 140 140 140 140 140 140 140 140 140 0 0 0 0 0 0 0 0 0 0 10 10 10 10 10 10 10 10 10 10 20 20 20 20 20 20 20 20 20 20 30 30 30 30 30 30 30 30 30 30 40 40 40 40 40 40 40 40 40 40 50 50 50 50 50 50 50 50 50 50 60 60 60 60 60 60 60 60 60 60 70 70 70 70 70 70 70 70 70 70 80 80 80 80 80 80 80 80 80 80 90 90 90 90 90 90 90 90 90 90 100 100 100 100 100 100 100 100 100 100 
110 110 110 110 110 110 110 110 110 110 120 120 120 120 120 120 120 120 120 120 130 130 130 130 130 130 130 130 130 130 140 140 140 140 140 140 140 140 140 140 0 0 0 0 0 0 0 0 0 0 10 10 10 10 10 10 10 10 10 10 20 20 20 20 20 20 20 20 20 20 30 30 30 30 30 30 30 30 30 30 40 40 40 40 40 40 40 40 40 40 50 50 50 50 50 50 50 50 50 50 60 60 60 60 60 60 60 60 60 60 70 70 70 70 70 70 70 70 70 70 80 80 80 80 80 80 80 80 80 80 90 90 90 90 90 90 90 90 90 90 100 100 100 100 100 100 100 100 100 100 
110 110 110 110 110 110 110 110 110 110 120 120 120 120 120 120 120 120 120 120 130 130 130 130 130 130 130 130 130 130 140 140 140 140 140 140 140 140 140 140 0 0 0 0 0 0 0 0 0 0 10 10 10 10 10 10 10 10 10 10 20 20 20 20 20 20 20 20 20 20 30 30 30 30 30 30 30 30 30 30 40 40 40 40 40 40 40 40 40 40 50 50 50 50 50 50 50 50 50 50 60 60 60 60 60 60 60 60 60 60 70 70 70 70 70 70 70 70 70 70 80 80 80 80 80 80 80 80 80 80 90 90 90 90 90 90 90 90 90 90 100 100 100 100 100 100 100 100 100 100 
100 100 100 100 100 100 100 100 100 100 110 110 110 110 110 110 110 110 110 110 120 120 120 120 120 120 120 120 120 120 130 130 130 130 130 130 130 130 130 130 140 140 140 140 140 140 140 140 140 140 0 0 0 0 0 0 0 0 0 0 10 10 10 10 10 10 10 10 10 10 20 20 20 20 20 20 20 20 20 20 30 30 30 30 30 30 30 30 30 30 40 40 40 40 40 40 40 40 40 40 50 50 50 50 50 50 50 50 50 50 60 60 60 60 60 60 60 60 60 60 70 70 70 70 70 70 70 70 70 70 80 80 80 80 80 80 80 80 80 80 90 90 90 90 90 90 90 90 90 90 
100 100 100 100 100 100 100 100 100 100 110 110 110 110 110 110 110 110 110 110 120 120 120 120 120 120 120 120 120 120 130 130 130 130 130 130 130 130 130 130 140 140 140 140 140 140 140 140 140 140 0 0 0 0 0 0 0 0 0 0 10 10 10 10 10 10 10 10 10 10 20 20 20 20 20 20 20 20 20 20 30 30 30 30 30 30 30 30 30 30 40 40 40 40 40 40 40 40 40 40 50 50 50 50 50 50 50 50 50 50 60 60 60 60 60 60 60 60 60 60 70 70 70 70 70 70 70 70 70 70 80 80 80 80 80 80 80 80 80 80 90 90 90 90 90 90 90 90 90 90 
100 100 100 100 100 100 100 100 100 100 110 110 110 110 110 110 110 110 110 110 120 120 120 120 120 120 120 120 120 120 130 130 130 130 130 130 130 130 130 130 140 140 140 140 140 140 140 140 140 140 0 0 0 0 0 0 0 0 0 0 10 10 10 10 10 10 10 10 10 10 20 20 20 20 20 20 20 20 20 20 30 30 30 30 30 30 30 30 30 30 40 40 40 40 40 40 40 40 40 40 50 50 50 50 50 50 50 50 50 50 60 60 60 60 60 60 60 60 60 60 70 70 70 70 70 70 70 70 70 70 80 80 80 80 80 80 80 80 80 80 90 90 90 90 90 90 90 90 90 90 
100 100 100 100 100 100 100 100 100 100 110 110 110 110 110 110 110 110 110 110 120 120 120 120 120 120 120 120 120 120 130 130 130 130 130 130 130 130 130 130 140 140 140 140 140 140 140 140 140 140 0 0 0 0 0 0 0 0 0 0 10 10 10 10 10 10 10 10 10 10 20 20 20 20 20 20 20 20 20 20 30 30 30 30 30 30 30 30 30 30 40 40 40 40 40 40 40 40 40 40 50 50 50 50 50 50 50 50 50 50 60 60 60 60 60 60 60 60 60 60 70 70 70 70 70 70 70 70 70 70 80 80 80 80 80 80 80 80 80 80 90 90 90 90 90 90 90 90 90 90 
100 100 100 100 100 100 100 100 100 100 110 110 110 110 110 110 110 110 110 110 120 120 120 120 120 120 120 120 120 120 130 130 130 130 130 130 130 130 130 130 140 140 140 140 140 140 140 140 140 140 0 0 0 0 0 0 0 0 0 0 10 10 10 10 10 10 10 10 10 10 20 20 20 20 20 20 20 20 20 20 30 30 30 30 30 30 30 30 30 30 40 40 40 40 40 40 40 40 40 40 50 50 50 50 50 50 50 50 50 50 60 60 60 60 60 60 60 60 60 60 70 70 70 70 70 70 70 70 70 70 80 80 80 80 80 80 80 80 80 80 90 90 90 90 90 90 90 90 90 90 
100 100 100 100 100 100 100 100 100 100 110 110 110 110 110 110 110 110 110 110 120 120 120 120 120 120 120 120 120 120 130 130 130 130 130 130 130 130 130 130 140 140 140 140 140 140 140 140 140 140 0 0 0 0 0 0 0 0 0 0 10 10 10 10 10 10 10 10 10 10 20 20 20 20 20 20 20 20 20 20 30 30 30 30 30 30 30 30 30 30 40 40 40 40 40 40 40 40 40 40 50 50 50 50 50 50 50 50 50 50 60 60 60 60 60 60 60 60 60 60 70 70 70 70 70 70 70 70 70 70 80 80 80 80 80 80 80 80 80 80 90 90 90 90 90 90 90 90 90 90 
100 100 100 100 100 100 100 100 100 100 110 110 110 110 110 110 110 110 110 110 120 120 120 120 120 120 120 120 120 120 130 130 130 130 130 130 130 130 130 130 140 140 140 140 140 140 140 140 140 140 0 0 0 0 0 0 0 0 0 0 10 10 10 10 10 10 10 10 10 10 20 20 20 20 20 20 20 20 20 20 30 30 30 30 30 30 30 30 30 30 40 40 40 40 40 40 40 40 40 40 50 50 50 50 50 50 50 50 50 50 60 60 60 60 60 60 60 60 60 60 70 70 70 70 70 70 70 70 70 70 80 80 80 80 80 80 80 80 80 80 90 90 90 90 90 90 90 90 90 90 
100 100 100 100 100 100 100 100 100 100 110 110 110 110 110 110 110 110 110 110 120 120 120 120 120 120 120 120 120 120 130 130 130 130 130 130 130 130 130 130 140 140 140 140 140 140 140 140 140 140 0 0 0 0 0 0 0 0 0 0 10 10 10 10 10 10 10 10 10 10 20 20 20 20 20 20 20 20 20 20 30 30 30 30 30 30 30 30 30 30 40 40 40 40 40 40 40 40 40 40 50 50 50 50 50 50 50 50 50 50 60 60 60 60 60 60 60 60 60 60 70 70 70 70 70 70 70 70 70 70 80 80 80 80 80 80 80 80 80 80 90 90 90 90 90 90 90 90 90 90 
100 100 100 100 100 100 100 100 100 100 110 110 110 110 110 110 110 110 110 110 120 120 120 120 120 120 120 120 120 120 130 130 130 130 130 130 130 130 130 130 140 140 140 140 140 140 140 140 140 140 0 0 0 0 0 0 0 0 0 0 10 10 10 10 10 10 10 10 10 10 20 20 20 20 20 20 20 20 20 20 30 30 30 30 30 30 30 30 30 30 40 40 40 40 40 40 40 40 40 40 50 50 50 50 50 50 50 50 50 50 60 60 60 60 60 60 60 60 60 60 70 70 70 70 70 70 70 70 70 70 80 80 80 80 80 80 80 80 80 80 90 90 90 90 90 90 90 90 90 90 
100 100 100 100 100 100 100 100 100 100 110 110 110 110 110 110 110 110 110 110 120 120 120 120 120 120 120 120 120 120 130 130 130 130 130 130 130 130 130 130 140 140 140 140 140 140 140 140 140 140 0 0 0 0 0 0 0 0 0 0 10 10 10 10 10 10 10 10 10 10 20 20 20 20 20 20 20 20 20 20 30 30 30 30 30 30 30 30 30 30 40 40 40 40 40 40 40 40 40 40 50 50 50 50 50 50 50 50 50 50 60 60 60 60 60 60 60 60 60 60 70 70 70 70 70 70 70 70 70 70 80 80 80 80 80 80 80 80 80 80 90 90 90 90 90 90 90 90 90 90 
90 90 90 90 90 90 90 90 90 90 100 100 100 100 100 100 100 100 100 100 110 110 110 110 110 110 110 110 110 110 120 120 120 120 120 120 120 120 120 120 130 130 130 130 130 130 130 130 130 130 140 140 140 140 140 140 140 140 140 140 0 0 0 0 0 0 0 0 0 0 10 10 10 10 10 10 10 10 10 10 20 20 20 20 20 20 20 20 20 20 30 30 30 30 30 30 30 30 30 30 40 40 40 40 40 40 40 40 40 40 50 50 50 50 50 50 50 50 50 50 60 60 60 60 60 60 60 60 60 60 70 70 70 70 70 70 70 70 70 70 80 80 80 80 80 80 80 80 80 80 
90 90 90 90 90 90 90 90 90 90 100 100 100 100 100 100 100 100 100 100 110 110 110 110 110 110 110 110 110 110 120 120 120 120 120 120 120 120 120 120 130 130 130 130 130 130 130 130 130 130 140 140 140 140 140 140 140 140 140 140 0 0 0 0 0 0 0 0 0 0 10 10 10 10 10 10 10 10 10 10 20 20 20 20 20 20 20 20 20 20 30 30 30 30 30 30 30 30 30 30 40 40 40 40 40 40 40 40 40 40 50 50 50 50 50 50 50 50 50 50 60 60 60 60 60 60 60 60 60 60 70 70 70 70 70 70 70 70 70 70 80 80 80 80 80 80 80 80 80 80 
90 90 90 90 90 90 90 90 90 90 100 100 100 100 100 100 100 100 100 100 110 110 110 110 110 110 110 110 110 110 120 120 120 120 120 120 120 120 120 120 130 130 130 130 130 130 130 130 130 130 140 140 140 140 140 140 140 140 140 140 0 0 0 0 0 0 0 0 0 0 10 10 10 10 10 10 10 10 10 10 20 20 20 20 20 20 20 20 20 20 30 30 30 30 30 30 30 30 30 30 40 40 40 40 40 40 40 40 40 40 50 50 50 50 50 50 50 50 50 50 60 60 60 60 60 60 60 60 60 60 70 70 70 70 70 70 70 70 70 70 80 80 80 80 80 80 80 80 80 80 
90 90 90 90 90 90 90 90 90 90 100 100 100 100 100 100 100 100 100 100 110 110 110 110 110 110 110 110 110 110 120 120 120 120 120 120 120 120 120 120 130 130 130 130 130 130 130 130 130 130 140 140 140 140 140 140 140 140 140 140 0 0 0 0 0 0 0 0 0 0 10 10 10 10 10 10 10 10 10 10 20 20 20 20 20 20 20 20 20 20 30 30 30 30 30 30 30 30 30 30 40 40 40 40 40 40 40 40 40 40 50 50 50 50 50 50 50 50 50 50 60 60 60 60 60 60 60 60 60 60 70 70 70 70 70 70 70 70 70 70 80 80 80 80 80 80 80 80 80 80 
90 90 90 90 90 90 90 90 90 90 100 100 100 100 100 100 100 100 100 100 110 110 110 110 110 110 110 110 110 110 120 120 120 120 120 120 120 120 120 120 130 130 130 130 130 130 130 130 130 130 140 140 140 140 140 140 140 140 140 140 0 0 0 0 0 0 0 0 0 0 10 10 10 10 10 10 10 10 10 10 20 20 20 20 20 20 20 20 20 20 30 30 30 30 30 30 30 30 30 30 40 40 40 40 40 40 40 40 40 40 50 50 50 50 50 50 50 50 50 50 60 60 60 60 60 60 60 60 60 60 70 70 70 70 70 70 70 70 70 70 80 80 80 80 80 80 80 80 80 80 
90 90 90 90 90 90 90 90 90 90 100 100 100 100 100 100 100 100 100 100 110 110 110 110 110 110 110 110 110 110 120 120 120 120 120 120 120 120 120 120 130 130 130 130 130 130 130 130 130 130 140 140 140 140 140 140 140 140 140 140 0 0 0 0 0 0 0 0 0 0 10 10 10 10 10 10 10 10 10 10 20 20 20 20 20 20 20 20 20 20 30 30 30 30 30 30 30 30 30 30 40 40 40 40 40 40 40 40 40 40 50 50 50 50 50 50 50 50 50 50 60 60 60 60 60 60 60 60 60 60 70 70 70 70 70 70 70 70 70 70 80 80 80 80 80 80 80 80 80 80 
90 90 90 90 90 90 90 90 90 90 100 100 100 100 100 100 100 100 100 100 110 110 110 110 110 110 110 110 110 110 120 120 120 120 120 120 120 120 120 120 130 130 130 130 130 130 130 130 130 130 140 140 140 140 140 140 140 140 140 140 0 0 0 0 0 0 0 0 0 0 10 10 10 10 10 10 10 10 10 10 20 20 20 20 20 20 20 20 20 20 30 30 30 30 30 30 30 30 30 30 40 40 40 40 40 40 40 40 40 40 50 50 50 50 50 50 50 50 50 50 60 60 60 60 60 60 60 60 60 60 70 70 70 70 70 70 70 70 70 70 80 80 80 80 80 80 80 80 80 80 
90 90 90 90 90 90 90 90 90 90 100 100 100 100 100 100 100 100 100 100 110 110 110 110 110 110 110 110 110 110 120 120 120 120 120 120 120 120 120 120 130 130 130 130 130 130 130 130 130 130 140 140 140 140 140 140 140 140 140 140 0 0 0 0 0 0 0 0 0 0 10 10 10 10 10 10 10 10 10 10 20 20 20 20 20 20 20 20 20 20 30 30 30 30 30 30 30 30 30 30 40 40 40 40 40 40 40 40 40 40 50 50 50 50 50 50 50 50 50 50 60 60 60 60 60 60 60 60 60 60 70 70 70 70 70 70 70 70 70 70 80 80 80 80 80 80 80 80 80 80 
90 90 90 90 90 90 90 90 90 90 100 100 100 100 100 100 100 100 100 100 110 110 110 110 110 110 110 110 110 110 120 120 120 120 120 120 120 120 120 120 130 130 130 130 130 130 130 130 130 130 140 140 140 140 140 140 140 140 140 140 0 0 0 0 0 0 0 0 0 0 10 10 10 10 10 10 10 10 10 10 20 20 20 20 20 20 20 20 20 20 30 30 30 30 30 30 30 30 30 30 40 40 40 40 40 40 40 40 40 40 50 50 50 50 50 50 50 50 50 50 60 60 60 60 60 60 60 60 60 60 70 70 70 70 70 70 70 70 70 70 80 80 80 80 80 80 80 80 80 80 
90 90 90 90 90 90 90 90 90 90 100 100 100 100 100 100 100 100 100 100 110 110 110 110 110 110 110 110 110 110 120 120 120 120 120 120 120 120 120 120 130 130 130 130 130 130 130 130 130 130 140 140 140 140 140 140 140 140 140 140 0 0 0 0 0 0 0 0 0 0 10 10 10 10 10 10 10 10 10 10 20 20 20 20 20 20 20 20 20 20 30 30 30 30 30 30 30 30 30 30 40 40 40 40 40 40 40 40 40 40 50 50 50 50 50 50 50 50 50 50 60 60 60 60 60 60 60 60 60 60 70 70 70 70 70 70 70 70 70 70 80 80 80 80 80 80 80 80 80 80 
80 80 80 80 80 80 80 80 80 80 90 90 90 90 90 90 90 90 90 90 100 100 100 100 100 100 100 100 100 100 110 110 110 110 110 110 110 110 110 110 120 120 120 120 120 120 120 120 120 120 130 130 130 130 130 130 130 130 130 130 140 140 140 140 140 140 140 140 140 140 0 0 0 0 0 0 0 0 0 0 10 10 10 10 10 10 10 10 10 10 20 20 20 20 20 20 20 20 20 20 30 30 30 30 30 30 30 30 30 30 40 40 40 40 40 40 40 40 40 40 50 50 50 50 50 50 50 50 50 50 60 60 60 60 60 60 60 60 60 60 70 70 70 70 70 70 70 70 70 70 
80 80 80 80 80 80 80 80 80 80 90 90 90 90 90 90 90 90 90 90 100 100 100 100 100 100 100 100 100 100 110 110 110 110 110 110 110 110 110 110 120 120 120 120 120 120 120 120 120 120 130 130 130 130 130 130 130 130 130 130 140 140 140 140 140 140 140 140 140 140 0 0 0 0 0 0 0 0 0 0 10 10 10 10 10 10 10 10 10 10 20 20 20 20 20 20 20 20 20 20 30 30 30 30 30 30 30 30 30 30 40 40 40 40 40 40 40 40 40 40 50 50 50 50 50 50 50 50 50 50 60 60 60 60 60 60 60 60 60 60 70 70 70 70 70 70 70 70 70 70 
80 80 80 80 80 80 80 80 80 80 90 90 90 90 90 90 90 90 90 90 100 100 100 100 100 100 100 100 100 100 110 110 110 110 110 110 110 110 110 110 120 120 120 120 120 120 120 120 120 120 130 130 130 130 130 130 130 130 130 130 140 140 140 140 140 140 140 140 140 140 0 0 0 0 0 0 0 0 0 0 10 10 10 10 10 10 10 10 10 10 20 20 20 20 20 20 20 20 20 20 30 30 30 30 30 30 30 30 30 30 40 40 40 40 40 40 40 40 40 40 50 50 50 50 50 50 50 50 50 50 60 60 60 60 60 60 60 60 60 60 70 70 70 70 70 70 70 70 70 70 
80 80 80 80 80 80 80 80 80 80 90 90 90 90 90 90 90 90 90 90 100 100 100 100 100 100 100 100 100 100 110 110 110 110 110 110 110 110 110 110 120 120 120 120 120 120 120 120 120 120 130 130 130 130 130 130 130 130 130 130 140 140 140 140 140 140 140 140 140 140 0 0 0 0 0 0 0 0 0 0 10 10 10 10 10 10 10 10 10 10 20 20 20 20 20 20 20 20 20 20 30 30 30 30 30 30 30 30 30 30 40 40 40 40 40 40 40 40 40 40 50 50 50 50 50 50 50 50 50 50 60 60 60 60 60 60 60 60 60 60 70 70 70 70 70 70 70 70 70 70 
80 80 80 80 80 80 80 80 80 80 90 90 90 90 90 90 90 90 90 90 100 100 100 100 100 100 100 100 100 100 110 110 110 110 110 110 110 110 110 110 120 120 120 120 120 120 120 120 120 120 130 130 130 130 130 130 130 130 130 130 140 140 140 140 140 140 140 140 140 140 0 0 0 0 0 0 0 0 0 0 10 10 10 10 10 10 10 10 10 10 20 20 20 20 20 20 20 20 20 20 30 30 30 30 30 30 30 30 30 30 40 40 40 40 40 40 40 40 40 40 50 50 50 50 50 50 50 50 50 50 60 60 60 60 60 60 60 60 60 60 70 70 70 70 70 70 70 70 70 70 
80 80 80 80 80 80 80 80 80 80 90 90 90 90 90 90 90 90 90 90 100 100 100 100 100 100 100 100 100 100 110 110 110 110 110 110 110 110 110 110 120 120 120 120 120 120 120 120 120 120 130 130 130 130 130 130 130 130 130 130 140 140 140 140 140 140 140 140 140 140 0 0 0 0 0 0 0 0 0 0 10 10 10 10 10 10 10 10 10 10 20 20 20 20 20 20 20 20 20 20 30 30 30 30 30 30 30 30 30 30 40 40 40 40 40 40 40 40 40 40 50 50 50 50 50 50 50 50 50 50 60 60 60 60 60 60 60 60 60 60 70 70 70 70 70 70 70 70 70 70 
80 80 80 80 80 80 80 80 80 80 90 90 90 90 90 90 90 90 90 90 100 100 100 100 100 100 100 100 100 100 110 110 110 110 110 110 110 110 110 110 120 120 120 120 120 120 120 120 120 120 130 130 130 130 130 130 130 130 130 130 140 140 140 140 140 140 140 140 140 140 0 0 0 0 0 0 0 0 0 0 10 10 10 10 10 10 10 10 10 10 20 20 20 20 20 20 20 20 20 20 30 30 30 30 30 30 30 30 30 30 40 40 40 40 40 40 40 40 40 40 50 50 50 50 50 50 50 50 50 50 60 60 60 60 60 60 60 60 60 60 70 70 70 70 70 70 70 70 70 70 
80 80 80 80 80 80 80 80 80 80 90 90 90 90 90 90 90 90 90 90 100 100 100 100 100 100 100 100 100 100 110 110 110 110 110 110 110 110 110 110 120 120 120 120 120 120 120 120 120 120 130 130 130 130 130 130 130 130 130 130 140 140 140 140 140 140 140 140 140 140 0 0 0 0 0 0 0 0 0 0 10 10 10 10 10 10 10 10 10 10 20 20 20 20 20 20 20 20 20 20 30 30 30 30 30 30 30 30 30 30 40 40 40 40 40 40 40 40 40 40 50 50 50 50 50 50 50 50 50 50 60 60 60 60 60 60 60 60 60 60 70 70 70 70 70 70 70 70 70 70 
80 80 80 80 80 80 80 80 80 80 90 90 90 90 90 90 90 90 90 90 100 100 100 100 100 100 100 100 100 100 110 110 110 110 110 110 110 110 110 110 120 120 120 120 120 120 120 120 120 120 130 130 130 130 130 130 130 130 130 130 140 140 140 140 140 140 140 140 140 140 0 0 0 0 0 0 0 0 0 0 10 10 10 10 10 10 10 10 10 10 20 20 20 20 20 20 20 20 20 20 30 30 30 30 30 30 30 30 30 30 40 40 40 40 40 40 40 40 40 40 50 50 50 50 50 50 50 50 50 50 60 60 60 60 60 60 60 60 60 60 70 70 70 70 70 70 70 70 70 70 
80 80 80 80 80 80 80 80 80 80 90 90 90 90 90 90 90 90 90 90 100 100 100 100 100 100 100 100 100 100 110 110 110 110 110 110 110 110 110 110 120 120 120 120 120 120 120 120 120 120 130 130 130 130 130 130 130 130 130 130 140 140 140 140 140 140 140 140 140 140 0 0 0 0 0 0 0 0 0 0 10 10 10 10 10 10 10 10 10 10 20 20 20 20 20 20 20 20 20 20 30 30 30 30 30 30 30 30 30 30 40 40 40 40 40 40 40 40 40 40 50 50 50 50 50 50 50 50 50 50 60 60 60 60 60 60 60 60 60 60 70 70 70 70 70 70 70 70 70 70 
70 70 70 70 70 70 70 70 70 70 80 80 80 80 80 80 80 80 80 80 90 90 90 90 90 90 90 90 90 90 100 100 100 100 100 100 100 100 100 100 110 110 110 110 110 110 110 110 110 110 120 120 120 120 120 120 120 120 120 120 130 130 130 130 130 130 130 130 130 130 140 140 140 140 140 140 140 140 140 140 0 0 0 0 0 0 0 0 0 0 10 10 10 10 10 10 10 10 10 10 20 20 20 20 20 20 20 20 20 20 30 30 30 30 30 30 30 30 30 30 40 40 40 40 40 40 40 40 40 40 50 50 50 50 50 50 50 50 50 50 60 60 60 60 60 60 60 60 60 60 
70 70 70 70 70 70 70 70 70 70 80 80 80 80 80 80 80 80 80 80 90 90 90 90 90 90 90 90 90 90 100 100 100 100 100 100 100 100 100 100 110 110 110 110 110 110 110 110 110 110 120 120 120 120 120 120 120 120 120 120 130 130 130 130 130 130 130 130 130 130 140 140 140 140 140 140 140 140 140 140 0 0 0 0 0 0 0 0 0 0 10 10 10 10 10 10 10 10 10 10 20 20 20 20 20 20 20 20 20 20 30 30 30 30 30 30 30 30 30 30 40 40 40 40 40 40 40 40 40 40 50 50 50 50 50 50 50 50 50 50 60 60 60 60 60 60 60 60 60 60 
70 70 70 70 70 70 70 70 70 70 80 80 80 80 80 80 80 80 80 80 90 90 90 90 90 90 90 90 90 90 100 100 100 100 100 100 100 100 100 100 110 110 110 110 110 110 110 110 110 110 120 120 120 120 120 120 120 120 120 120 130 130 130 130 130 130 130 130 130 130 140 140 140 140 140 140 140 140 140 140 0 0 0 0 0 0 0 0 0 0 10 10 10 10 10 10 10 10 10 10 20 20 20 20 20 20 20 20 20 20 30 30 30 30 30 30 30 30 30 30 40 40 40 40 40 40 40 40 40 40 50 50 50 50 50 50 50 50 50 50 60 60 60 60 60 60 60 60 60 60 
70 70 70 70 70 70 70 70 70 70 80 80 80 80 80 80 80 80 80 80 90 90 90 90 90 90 90 90 90 90 100 100 100 100 100 100 100 100 100 100 110 110 110 110 110 110 110 110 110 110 120 120 120 120 120 120 120 120 120 120 130 130 130 130 130 130 130 130 130 130 140 140 140 140 140 140 140 140 140 140 0 0 0 0 0 0 0 0 0 0 10 10 10 10 10 10 10 10 10 10 20 20 20 20 20 20 20 20 20 20 30 30 30 30 30 30 30 30 30 30 40 40 40 40 40 40 40 40 40 40 50 50 50 50 50 50 50 50 50 50 60 60 60 60 60 60 60 60 60 60 
70 70 70 70 70 70 70 70 70 70 80 80 80 80 80 80 80 80 80 80 90 90 90 90 90 90 90 90 90 90 100 100 100 100 100 100 100 100 100 100 110 110 110 110 110 110 110 110 110 110 120 120 120 120 120 120 120 120 120 120 130 130 130 130 130 130 130 130 130 130 140 140 140 140 140 140 140 140 140 140 0 0 0 0 0 0 0 0 0 0 10 10 10 10 10 10 10 10 10 10 20 20 20 20 20 20 20 20 20 20 30 30 30 30 30 30 30 30 30 30 40 40 40 40 40 40 40 40 40 40 50 50 50 50 50 50 50 50 50 50 60 60 60 60 60 60 60 60 60 60 
70 70 70 70 70 70 70 70 70 70 80 80 80 80 80 80 80 80 80 80 90 90 90 90 90 90 90 90 90 90 100 100 100 100 100 100 100 100 100 100 110 110 110 110 110 110 110 110 110 110 120 120 120 120 120 120 120 120 120 120 130 130 130 130 130 130 130 130 130 130 140 140 140 140 140 140 140 140 140 140 0 0 0 0 0 0 0 0 0 0 10 10 10 10 10 10 10 10 10 10 20 20 20 20 20 20 20 20 20 20 30 30 30 30 30 30 30 30 30 30 40 40 40 40 40 40 40 40 40 40 50 50 50 50 50 50 50 50 50 50 60 60 60 60 60 60 60 60 60 60 
70 70 70 70 70 70 70 70 70 70 80 80 80 80 80 80 80 80 80 80 90 90 90 90 90 90 90 90 90 90 100 100 100 100 100 100 100 100 100 100 110 110 110 110 110 110 110 110 110 110 120 120 120 120 120 120 120 120 120 120 130 130 130 130 130 130 130 130 130 130 140 140 140 140 140 140 140 140 140 140 0 0 0 0 0 0 0 0 0 0 10 10 10 10 10 10 10 10 10 10 20 20 20 20 20 20 20 20 20 20 30 30 30 30 30 30 30 30 30 30 40 40 40 40 40 40 40 40 40 40 50 50 50 50 50 50 50 50 50 50 60 60 60 60 60 60 60 60 60 60 
70 70 70 70 70 70 70 70 70 70 80 80 80 80 80 80 80 80 80 80 90 90 90 90 90 90 90 90 90 90 100 100 100 100 100 100 100 100 100 100 110 110 110 110 110 110 110 110 110 110 120 120 120 120 120 120 120 120 120 120 130 130 130 130 130 130 130 130 130 130 140 140 140 140 140 140 140 140 140 140 0 0 0 0 0 0 0 0 0 0 10 10 10 10 10 10 10 10 10 10 20 20 20 20 20 20 20 20 20 20 30 30 30 30 30 30 30 30 30 30 40 40 40 40 40 40 40 40 40 40 50 50 50 50 50 50 50 50 50 50 60 60 60 60 60 60 60 60 60 60 
70 70 70 70 70 70 70 70 70 70 80 80 80 80 80 80 80 80 80 80 90 90 90 90 90 90 90 90 90 90 100 100 100 100 100 100 100 100 100 100 110 110 110 110 110 110 110 110 110 110 120 120 120 120 120 120 120 120 120 120 130 130 130 130 130 130 130 130 130 130 140 140 140 140 140 140 140 140 140 140 0 0 0 0 0 0 0 0 0 0 10 10 10 10 10 10 10 10 10 10 20 20 20 20 20 20 20 20 20 20 30 30 30 30 30 30 30 30 30 30 40 40 40 40 40 40 40 40 40 40 50 50 50 50 50 50 50 50 50 50 60 60 60 60 60 60 60 60 60 60 
70 70 70 70 70 70 70 70 70 70 80 80 80 80 80 80 80 80 80 80 90 90 90 90 90 90 90 90 90 90 100 100 100 100 100 100 100 100 100 100 110 110 110 110 110 110 110 110 110 110 120 120 120 120 120 120 120 120 120 120 130 130 130 130 130 130 130 130 130 130 140 140 140 140 140 140 140 140 140 140 0 0 0 0 0 0 0 0 0 0 10 10 10 10 10 10 10 10 10 10 20 20 20 20 20 20 20 20 20 20 30 30 30 30 30 30 30 30 30 30 40 40 40 40 40 40 40 40 40 40 50 50 50 50 50 50 50 50 50 50 60 60 60 60 60 60 60 60 60 60 
60 60 60 60 60 60 60 60 60 60 70 70 70 70 70 70 70 70 70 70 80 80 80 80 80 80 80 80 80 80 90 90 90 90 90 90 90 90 90 90 100 100 100 100 100 100 100 100 100 100 110 110 110 110 110 110 110 110 110 110 120 120 120 120 120 120 120 120 120 120 130 130 130 130 130 130 130 130 130 130 140 140 140 140 140 140 140 140 140 140 0 0 0 0 0 0 0 0 0 0 10 10 10 10 10 10 10 10 10 10 20 20 20 20 20 20 20 20 20 20 30 30 30 30 30 30 30 30 30 30 40 40 40 40 40 40 40 40 40 40 50 50 50 50 50 50 50 50 50 50 
60 60 60 60 60 60 60 60 60 60 70 70 70 70 70 70 70 70 70 70 80 80 80 80 80 80 80 80 80 80 90 90 90 90 90 90 90 90 90 90 100 100 100 100 100 100 100 100 100 100 110 110 110 110 110 110 110 110 110 110 120 120 120 120 120 120 120 120 120 120 130 130 130 130 130 130 130 130 130 130 140 140 140 140 140 140 140 140 140 140 0 0 0 0 0 0 0 0 0 0 10 10 10 10 10 10 10 10 10 10 20 20 20 20 20 20 20 20 20 20 30 30 30 30 30 30 30 30 30 30 40 40 40 40 40 40 40 40 40 40 50 50 50 50 50 50 50 50 50 50 
60 60 60 60 60 60 60 60 60 60 70 70 70 70 70 70 70 70 70 70 80 80 80 80 80 80 80 80 80 80 90 90 90 90 90 90 90 90 90 90 100 100 100 100 100 100 100 100 100 100 110 110 110 110 110 110 110 110 110 110 120 120 120 120 120 120 120 120 120 120 130 130 130 130 130 130 130 130 130 130 140 140 140 140 140 140 140 140 140 140 0 0 0 0 0 0 0 0 0 0 10 10 10 10 10 10 10 10 10 10 20 20 20 20 20 20 20 20 20 20 30 30 30 30 30 30 30 30 30 30 40 40 40 40 40 40 40 40 40 40 50 50 50 50 50 50 50 50 50 50 
60 60 60 60 60 60 60 60 60 60 70 70 70 70 70 70 70 70 70 70 80 80 80 80 80 80 80 80 80 80 90 90 90 90 90 90 90 90 90 90 100 100 100 100 100 100 100 100 100 100 110 110 110 110 110 110 110 110 110 110 120 120 120 120 120 120 120 120 120 120 130 130 130 130 130 130 130 130 130 130 140 140 140 140 140 140 140 140 140 140 0 0 0 0 0 0 0 0 0 0 10 10 10 10 10 10 10 10 10 10 20 20 20 20 20 20 20 20 20 20 30 30 30 30 30 30 30 30 30 30 40 40 40 40 40 40 40 40 40 40 50 50 50 50 50 50 50 50 50 50 
60 60 60 60 60 60 60 60 60 60 70 70 70 70 70 70 70 70 70 70 80 80 80 80 80 80 80 80 80 80 90 90 90 90 90 90 90 90 90 90 100 100 100 100 100 100 100 100 100 100 110 110 110 110 110 110 110 110 110 110 120 120 120 120 120 120 120 120 120 120 130 130 130 130 130 130 130 130 130 130 140 140 140 140 140 140 140 140 140 140 0 0 0 0 0 0 0 0 0 0 10 10 10 10 10 10 10 10 10 10 20 20 20 20 20 20 20 20 20 20 30 30 30 30 30 30 30 30 30 30 40 40 40 40 40 40 40 40 40 40 50 50 50 50 50 50 50 50 50 50 
60 60 60 60 60 60 60 60 60 60 70 70 70 70 70 70 70 70 70 70 80 80 80 80 80 80 80 80 80 80 90 90 90 90 90 90 90 90 90 90 100 100 100 100 100 100 100 100 100 100 110 110 110 110 110 110 110 110 110 110 120 120 120 120 120 120 120 120 120 120 130 130 130 130 130 130 130 130 130 130 140 140 140 140 140 140 140 140 140 140 0 0 0 0 0 0 0 0 0 0 10 10 10 10 10 10 10 10 10 10 20 20 20 20 20 20 20 20 20 20 30 30 30 30 30 30 30 30 30 30 40 40 40 40 40 40 40 40 40 40 50 50 50 50 50 50 50 50 50 50 
60 60 60 60 60 60 60 60 60 60 70 70 70 70 70 70 70 70 70 70 80 80 80 80 80 80 80 80 80 80 90 90 90 90 90 90 90 90 90 90 100 100 100 100 100 100 100 100 100 100 110 110 110 110 110 110 110 110 110 110 120 120 120 120 120 120 120 120 120 120 130 130 130 130 130 130 130 130 130 130 140 140 140 140 140 140 140 140 140 140 0 0 0 0 0 0 0 0 0 0 10 10 10 10 10 10 10 10 10 10 20 20 20 20 20 20 20 20 20 20 30 30 30 30 30 30 30 30 30 30 40 40 40 40 40 40 40 40 40 40 50 50 50 50 50 50 50 50 50 50 
60 60 60 60 60 60 60 60 60 60 70 70 70 70 70 70 70 70 70 70 80 80 80 80 80 80 80 80 80 80 90 90 90 90 90 90 90 90 90 90 100 100 100 100 100 100 100 100 100 100 110 110 110 110 110 110 110 110 110 110 120 120 120 120 120 120 120 120 120 120 130 130 130 130 130 130 130 130 130 130 140 140 140 140 140 140 140 140 140 140 0 0 0 0 0 0 0 0 0 0 10 10 10 10 10 10 10 10 10 10 20 20 20 20 20 20 20 20 20 20 30 30 30 30 30 30 30 30 30 30 40 40 40 40 40 40 40 40 40 40 50 50 50 50 50 50 50 50 50 50 
60 60 60 60 60 60 60 60 60 60 70 70 70 70 70 70 70 70 70 70 80 80 80 80 80 80 80 80 80 80 90 90 90 90 90 90 90 90 90 90 100 100 100 100 100 100 100 100 100 100 110 110 110 110 110 110 110 110 110 110 120 120 120 120 120 120 120 120 120 120 130 130 130 130 130 130 130 130 130 130 140 140 140 140 140 140 140 140 140 140 0 0 0 0 0 0 0 0 0 0 10 10 10 10 10 10 10 10 10 10 20 20 20 20 20 20 20 20 20 20 30 30 30 30 30 30 30 30 30 30 40 40 40 40 40 40 40 40 40 40 50 50 50 50 50 50 50 50 50 50 
60 60 60 60 60 60 60 60 60 60 70 70 70 70 70 70 70 70 70 70 80 80 80 80 80 80 80 80 80 80 90 90 90 90 90 90 90 90 90 90 100 100 100 100 100 100 100 100 100 100 110 110 110 110 110 110 110 110 110 110 120 120 120 120 120 120 120 120 120 120 130 130 130 130 130 130 130 130 130 130 140 140 140 140 140 140 140 140 140 140 0 0 0 0 0 0 0 0 0 0 10 10 10 10 10 10 10 10 10 10 20 20 20 20 20 20 20 20 20 20 30 30 30 30 30 30 30 30 30 30 40 40 40 40 40 40 40 40 40 40 50 50 50 50 50 50 50 50 50 50 
50 50 50 50 50 50 50 50 50 50 60 60 60 60 60 60 60 60 60 60 70 70 70 70 70 70 70 70 70 70 80 80 80 80 80 80 80 80 80 80 90 90 90 90 90 90 90 90 90 90 100 100 100 100 100 100 100 100 100 100 110 110 110 110 110 110 110 110 110 110 120 120 120 120 120 120 120 120 120 120 130 130 130 130 130 130 130 130 130 130 140 140 140 140 140 140 140 140 140 140 0 0 0 0 0 0 0 0 0 0 10 10 10 10 10 10 10 10 10 10 20 20 20 20 20 20 20 20 20 20 30 30 30 30 30 30 30 30 30 30 40 40 40 40 40 40 40 40 40 40 
50 50 50 50 50 50 50 50 50 50 60 60 60 60 60 60 60 60 60 60 70 70 70 70 70 70 70 70 70 70 80 80 80 80 80 80 80 80 80 80 90 90 90 90 90 90 90 90 90 90 100 100 100 100 100 100 100 100 100 100 110 110 110 110 110 110 110 110 110 110 120 120 120 120 120 120 120 120 120 120 130 130 130 130 130 130 130 130 130 130 140 140 140 140 140 140 140 140 140 140 0 0 0 0 0 0 0 0 0 0 10 10 10 10 10 10 10 10 10 10 20 20 20 20 20 20 20 20 20 20 30 30 30 30 30 30 30 30 30 30 40 40 40 40 40 40 40 40 40 40 
50 50 50 50 50 50 50 50 50 50 60 60 60 60 60 60 60 60 60 60 70 70 70 70 70 70 70 70 70 70 80 80 80 80 80 80 80 80 80 80 90 90 90 90 90 90 90 90 90 90 100 100 100 100 100 100 100 100 100 100 110 110 110 110 110 110 110 110 110 110 120 120 120 120 120 120 120 120 120 120 130 130 130 130 130 130 130 130 130 130 140 140 140 140 140 140 140 140 140 140 0 0 0 0 0 0 0 0 0 0 10 10 10 10 10 10 10 10 10 10 20 20 20 20 20 20 20 20 20 20 30 30 30 30 30 30 30 30 30 30 40 40 40 40 40 40 40 40 40 40 
50 50 50 50 50 50 50 50 50 50 60 60 60 60 60 60 60 60 60 60 70 70 70 70 70 70 70 70 70 70 80 80 80 80 80 80 80 80 80 80 90 90 90 90 90 90 90 90 90 90 100 100 100 100 100 100 100 100 100 100 110 110 110 110 110 110 110 110 110 110 120 120 120 120 120 120 120 120 120 120 130 130 130 130 130 130 130 130 130 130 140 140 140 140 140 140 140 140 140 140 0 0 0 0 0 0 0 0 0 0 10 10 10 10 10 10 10 10 10 10 20 20 20 20 20 20 20 20 20 20 30 30 30 30 30 30 30 30 30 30 40 40 40 40 40 40 40 40 40 40 
50 50 50 50 50 50 50 50 50 50 60 60 60 60 60 60 60 60 60 60 70 70 70 70 70 70 70 70 70 70 80 80 80 80 80 80 80 80 80 80 90 90 90 90 90 90 90 90 90 90 100 100 100 100 100 100 100 100 100 100 110 110 110 110 110 110 110 110 110 110 120 120 120 120 120 120 120 120 120 120 130 130 130 130 130 130 130 130 130 130 140 140 140 140 140 140 140 140 140 140 0 0 0 0 0 0 0 0 0 0 10 10 10 10 10 10 10 10 10 10 20 20 20 20 20 20 20 20 20 20 30 30 30 30 30 30 30 30 30 30 40 40 40 40 40 40 40 40 40 40 
50 50 50 50 50 50 50 50 50 50 60 60 60 60 60 60 60 60 60 60 70 70 70 70 70 70 70 70 70 70 80 80 80 80 80 80 80 80 80 80 90 90 90 90 90 90 90 90 90 90 100 100 100 100 100 100 100 100 100 100 110 110 110 110 110 110 110 110 110 110 120 120 120 120 120 120 120 120 120 120 130 130 130 130 130 130 130 130 130 130 140 140 140 140 140 140 140 140 140 140 0 0 0 0 0 0 0 0 0 0 10 10 10 10 10 10 10 10 10 10 20 20 20 20 20 20 20 20 20 20 30 30 30 30 30 30 30 30 30 30 40 40 40 40 40 40 40 40 40 40 
50 50 50 50 50 50 50 50 50 50 60 60 60 60 60 60 60 60 60 60 70 70 70 70 70 70 70 70 70 70 80 80 80 80 80 80 80 80 80 80 90 90 90 90 90 90 90 90 90 90 100 100 100 100 100 100 100 100 100 100 110 110 110 110 110 110 110 110 110 110 120 120 120 120 120 120 120 120 120 120 130 130 130 130 130 130 130 130 130 130 140 140 140 140 140 140 140 140 140 140 0 0 0 0 0 0 0 0 0 0 10 10 10 10 10 10 10 10 10 10 20 20 20 20 20 20 20 20 20 20 30 30 30 30 30 30 30 30 30 30 40 40 40 40 40 40 40 40 40 40 
50 50 50 50 50 50 50 50 50 50 60 60 60 60 60 60 60 60 60 60 70 70 70 70 70 70 70 70 70 70 80 80 80 80 80 80 80 80 80 80 90 90 90 90 90 90 90 90 90 90 100 100 100 100 100 100 100 100 100 100 110 110 110 110 110 110 110 110 110 110 120 120 120 120 120 120 120 120 120 120 130 130 130 130 130 130 130 130 130 130 140 140 140 140 140 140 140 140 140 140 0 0 0 0 0 0 0 0 0 0 10 10 10 10 10 10 10 10 10 10 20 20 20 20 20 20 20 20 20 20 30 30 30 30 30 30 30 30 30 30 40 40 40 40 40 40 40 40 40 40 
50 50 50 50 50 50 50 50 50 50 60 60 60 60 60 60 60 60 60 60 70 70 70 70 70 70 70 70 70 70 80 80 80 80 80 80 80 80 80 80 90 90 90 90 90 90 90 90 90 90 100 100 100 100 100 100 100 100 100 100 110 110 110 110 110 110 110 110 110 110 120 120 120 120 120 120 120 120 120 120 130 130 130 130 130 130 130 130 130 130 140 140 140 140 140 140 140 140 140 140 0 0 0 0 0 0 0 0 0 0 10 10 10 10 10 10 10 10 10 10 20 20 20 20 20 20 20 20 20 20 30 30 30 30 30 30 30 30 30 30 40 40 40 40 40 40 40 40 40 40 
50 50 50 50 50 50 50 50 50 50 60 60 60 60 60 60 60 60 60 60 70 70 70 70 70 70 70 70 70 70 80 80 80 80 80 80 80 80 80 80 90 90 90 90 90 90 90 90 90 90 100 100 100 100 100 100 100 100 100 100 110 110 110 110 110 110 110 110 110 110 120 120 120 120 120 120 120 120 120 120 130 130 130 130 130 130 130 130 130 130 140 140 140 140 140 140 140 140 140 140 0 0 0 0 0 0 0 0 0 0 10 10 10 10 10 10 10 10 10 10 20 20 20 20 20 20 20 20 20 20 30 30 30 30 30 30 30 30 30 30 40 40 40 40 40 40 40 40 40 40 
40 40 40 40 40 40 40 40 40 40 50 50 50 50 50 50 50 50 50 50 60 60 60 60 60 60 60 60 60 60 70 70 70 70 70 70 70 70 70 70 80 80 80 80 80 80 80 80 80 80 90 90 90 90 90 90 90 90 90 90 100 100 100 100 100 100 100 100 100 100 110 110 110 110 110 110 110 110 110 110 120 120 120 120 120 120 120 120 120 120 130 130 130 130 130 130 130 130 130 130 140 140 140 140 140 140 140 140 140 140 0 0 0 0 0 0 0 0 0 0 10 10 10 10 10 10 10 10 10 10 20 20 20 20 20 20 20 20 20 20 30 30 30 30 30 30 30 30 30 30 
40 40 40 40 40 40 40 40 40 40 50 50 50 50 50 50 50 50 50 50 60 60 60 60 60 60 60 60 60 60 70 70 70 70 70 70 70 70 70 70 80 80 80 80 80 80 80 80 80 80 90 90 90 90 90 90 90 90 90 90 100 100 100 100 100 100 100 100 100 100 110 110 110 110 110 110 110 110 110 110 120 120 120 120 120 120 120 120 120 120 130 130 130 130 130 130 130 130 130 130 140 140 140 140 140 140 140 140 140 140 0 0 0 0 0 0 0 0 0 0 10 10 10 10 10 10 10 10 10 10 20 20 20 20 20 20 20 20 20 20 30 30 30 30 30 30 30 30 30 30 
40 40 40 40 40 40 40 40 40 40 50 50 50 50 50 50 50 50 50 50 60 60 60 60 60 60 60 60 60 60 70 70 70 70 70 70 70 70 70 70 80 80 80 80 80 80 80 80 80 80 90 90 90 90 90 90 90 90 90 90 100 100 100 100 100 100 100 100 100 100 110 110 110 110 110 110 110 110 110 110 120 120 120 120 120 120 120 120 120 120 130 130 130 130 130 130 130 130 130 130 140 140 140 140 140 140 140 140 140 140 0 0 0 0 0 0 0 0 0 0 10 10 10 10 10 10 10 10 10 10 20 20 20 20 20 20 20 20 20 20 30 30 30 30 30 30 30 30 30 30 
40 40 40 40 40 40 40 40 40 40 50 50 50 50 50 50 50 50 50 50 60 60 60 60 60 60 60 60 60 60 70 70 70 70 70 70 70 70 70 70 80 80 80 80 80 80 80 80 80 80 90 90 90 90 90 90 90 90 90 90 100 100 100 100 100 100 100 100 100 100 110 110 110 110 110 110 110 110 110 110 120 120 120 120 120 120 120 120 120 120 130 130 130 130 130 130 130 130 130 130 140 140 140 140 140 140 140 140 140 140 0 0 0 0 0 0 0 0 0 0 10 10 10 10 10 10 10 10 10 10 20 20 20 20 20 20 20 20 20 20 30 30 30 30 30 30 30 30 30 30 
40 40 40 40 40 40 40 40 40 40 50 50 50 50 50 50 50 50 50 50 60 60 60 60 60 60 60 60 60 60 70 70 70 70 70 70 70 70 70 70 80 80 80 80 80 80 80 80 80 80 90 90 90 90 90 90 90 90 90 90 100 100 100 100 100 100 100 100 100 100 110 110 110 110 110 110 110 110 110 110 120 120 120 120 120 120 120 120 120 120 130 130 130 130 130 130 130 130 130 130 140 140 140 140 140 140 140 140 140 140 0 0 0 0 0 0 0 0 0 0 10 10 10 10 10 10 10 10 10 10 20 20 20 20 20 20 20 20 20 20 30 30 30 30 30 30 30 30 30 30 
40 40 40 40 40 40 40 40 40 40 50 50 50 50 50 50 50 50 50 50 60 60 60 60 60 60 60 60 60 60 70 70 70 70 70 70 70 70 70 70 80 80 80 80 80 80 80 80 80 80 90 90 90 90 90 90 90 90 90 90 100 100 100 100 100 100 100 100 100 100 110 110 110 110 110 110 110 110 110 110 120 120 120 120 120 120 120 120 120 120 130 130 130 130 130 130 130 130 130 130 140 140 140 140 140 140 140 140 140 140 0 0 0 0 0 0 0 0 0 0 10 10 10 10 10 10 10 10 10 10 20 20 20 20 20 20 20 20 20 20 30 30 30 30 30 30 30 30 30 30 
40 40 40 40 40 40 40 40 40 40 50 50 50 50 50 50 50 50 50 50 60 60 60 60 60 60 60 60 60 60 70 70 70 70 70 70 70 70 70 70 80 80 80 80 80 80 80 80 80 80 90 90 90 90 90 90 90 90 90 90 100 100 100 100 100 100 100 100 100 100 110 110 110 110 110 110 110 110 110 110 120 120 120 120 120 120 120 120 120 120 130 130 130 130 130 130 130 130 130 130 140 140 140 140 140 140 140 140 140 140 0 0 0 0 0 0 0 0 0 0 10 10 10 10 10 10 10 10 10 10 20 20 20 20 20 20 20 20 20 20 30 30 30 30 30 30 30 30 30 30 
40 40 40 40 40 40 40 40 40 40 50 50 50 50 50 50 50 50 50 50 60 60 60 60 60 60 60 60 60 60 70 70 70 70 70 70 70 70 70 70 80 80 80 80 80 80 80 80 80 80 90 90 90 90 90 90 90 90 90 90 100 100 100 100 100 100 100 100 100 100 110 110 110 110 110 110 110 110 110 110 120 120 120 120 120 120 120 120 120 120 130 130 130 130 130 130 130 130 130 130 140 140 140 140 140 140 140 140 140 140 0 0 0 0 0 0 0 0 0 0 10 10 10 10 10 10 10 10 10 10 20 20 20 20 20 20 20 20 20 20 30 30 30 30 30 30 30 30 30 30 
40 40 40 40 40 40 40 40 40 40 50 50 50 50 50 50 50 50 50 50 60 60 60 60 60 60 60 60 60 60 70 70 70 70 70 70 70 70 70 70 80 80 80 80 80 80 80 80 80 80 90 90 90 90 90 90 90 90 90 90 100 100 100 100 100 100 100 100 100 100 110 110 110 110 110 110 110 110 110 110 120 120 120 120 120 120 120 120 120 120 130 130 130 130 130 130 130 130 130 130 140 140 140 140 140 140 140 140 140 140 0 0 0 0 0 0 0 0 0 0 10 10 10 10 10 10 10 10 10 10 20 20 20 20 20 20 20 20 20 20 30 30 30 30 30 30 30 30 30 30 
40 40 40 40 40 40 40 40 40 40 50 50 50 50 50 50 50 50 50 50 60 60 60 60 60 60 60 60 60 60 70 70 70 70 70 70 70 70 70 70 80 80 80 80 80 80 80 80 80 80 90 90 90 90 90 90 90 90 90 90 100 100 100 100 100 100 100 100 100 100 110 110 110 110 110 110 110 110 110 110 120 120 120 120 120 120 120 120 120 120 130 130 130 130 130 130 130 130 130 130 140 140 140 140 140 140 140 140 140 140 0 0 0 0 0 0 0 0 0 0 10 10 10 10 10 10 10 10 10 10 20 20 20 20 20 20 20 20 20 20 30 30 30 30 30 30 30 30 30 30 
30 30 30 30 30 30 30 30 30 30 40 40 40 40 40 40 40 40 40 40 50 50 50 50 50 50 50 50 50 50 60 60 60 60 60 60 60 60 60 60 70 70 70 70 70 70 70 70 70 70 80 80 80 80 80 80 80 80 80 80 90 90 90 90 90 90 90 90 90 90 100 100 100 100 100 100 100 100 100 100 110 110 110 110 110 110 110 110 110 110 120 120 120 120 120 120 120 120 120 120 130 130 130 130 130 130 130 130 130 130 140 140 140 140 140 140 140 140 140 140 0 0 0 0 0 0 0 0 0 0 10 10 10 10 10 10 10 10 10 10 20 20 20 20 20 20 20 20 20 20 
30 30 30 30 30 30 30 30 30 30 40 40 40 40 40 40 40 40 40 40 50 50 50 50 50 50 50 50 50 50 60 60 60 60 60 60 60 60 60 60 70 70 70 70 70 70 70 70 70 70 80 80 80 80 80 80 80 80 80 80 90 90 90 90 90 90 90 90 90 90 100 100 100 100 100 100 100 100 100 100 110 110 110 110 110 110 110 110 110 110 120 120 120 120 120 120 120 120 120 120 130 130 130 130 130 130 130 130 130 130 140 140 140 140 140 140 140 140 140 140 0 0 0 0 0 0 0 0 0 0 10 10 10 10 10 10 10 10 10 10 20 20 20 20 20 20 20 20 20 20 
30 30 30 30 30 30 30 30 30 30 40 40 40 40 40 40 40 40 40 40 50 50 50 50 50 50 50 50 50 50 60 60 60 60 60 60 60 60 60 60 70 70 70 70 70 70 70 70 70 70 80 80 80 80 80 80 80 80 80 80 90 90 90 90 90 90 90 90 90 90 100 100 100 100 100 100 100 100 100 100 110 110 110 110 110 110 110 110 110 110 120 120 120 120 120 120 120 120 120 120 130 130 130 130 130 130 130 130 130 130 140 140 140 140 140 140 140 140 140 140 0 0 0 0 0 0 0 0 0 0 10 10 10 10 10 10 10 10 10 10 20 20 20 20 20 20 20 20 20 20 
30 30 30 30 30 30 30 30 30 30 40 40 40 40 40 40 40 40 40 40 50 50 50 50 50 50 50 50 50 50 60 60 60 60 60 60 60 60 60 60 70 70 70 70 70 70 70 70 70 70 80 80 80 80 80 80 80 80 80 80 90 90 90 90 90 90 90 90 90 90 100 100 100 100 100 100 100 100 100 100 110 110 110 110 110 110 110 110 110 110 120 120 120 120 120 120 120 120 120 120 130 130 130 130 130 130 130 130 130 130 140 140 140 140 140 140 140 140 140 140 0 0 0 0 0 0 0 0 0 0 10 10 10 10 10 10 10 10 10 10 20 20 20 20 20 20 20 20 20 20 
30 30 30 30 30 30 30 30 30 30 40 40 40 40 40 40 40 40 40 40 50 50 50 50 50 50 50 50 50 50 60 60 60 60 60 60 60 60 60 60 70 70 70 70 70 70 70 70 70 70 80 80 80 80 80 80 80 80 80 80 90 90 90 90 90 90 90 90 90 90 100 100 100 100 100 100 100 100 100 100 110 110 110 110 110 110 110 110 110 110 120 120 120 120 120 120 120 120 120 120 130 130 130 130 130 130 130 130 130 130 140 140 140 140 140 140 140 140 140 140 0 0 0 0 0 0 0 0 0 0 10 10 10 10 10 10 10 10 10 10 20 20 20 20 20 20 20 20 20 20 
30 30 30 30 30 30 30 30 30 30 40 40 40 40 40 40 40 40 40 40 50 50 50 50 50 50 50 50 50 50 60 60 60 60 60 60 60 60 60 60 70 70 70 70 70 70 70 70 70 70 80 80 80 80 80 80 80 80 80 80 90 90 90 90 90 90 90 90 90 90 100 100 100 100 100 100 100 100 100 100 110 110 110 110 110 110 110 110 110 110 120 120 120 120 120 120 120 120 120 120 130 130 130 130 130 130 130 130 130 130 140 140 140 140 140 140 140 140 140 140 0 0 0 0 0 0 0 0 0 0 10 10 10 10 10 10 10 10 10 10 20 20 20 20 20 20 20 20 20 20 
30 30 30 30 30 30 30 30 30 30 40 40 40 40 40 40 40 40 40 40 50 50 50 50 50 50 50 50 50 50 60 60 60 60 60 60 60 60 60 60 70 70 70 70 70 70 70 70 70 70 80 80 80 80 80 80 80 80 80 80 90 90 90 90 90 90 90 90 90 90 100 100 100 100 100 100 100 100 100 100 110 110 110 110 110 110 110 110 110 110 120 120 120 120 120 120 120 120 120 120 130 130 130 130 130 130 130 130 130 130 140 140 140 140 140 140 140 140 140 140 0 0 0 0 0 0 0 0 0 0 10 10 10 10 10 10 10 10 10 10 20 20 20 20 20 20 20 20 20 20 
30 30 30 30 30 30 30 30 30 30 40 40 40 40 40 40 40 40 40 40 50 50 50 50 50 50 50 50 50 50 60 60 60 60 60 60 60 60 60 60 70 70 70 70 70 70 70 70 70 70 80 80 80 80 80 80 80 80 80 80 90 90 90 90 90 90 90 90 90 90 100 100 100 100 100 100 100 100 100 100 110 110 110 110 110 110 110 110 110 110 120 120 120 120 120 120 120 120 120 120 130 130 130 130 130 130 130 130 130 130 140 140 140 140 140 140 140 140 140 140 0 0 0 0 0 0 0 0 0 0 10 10 10 10 10 10 10 10 10 10 20 20 20 20 20 20 20 20 20 20 
30 30 30 30 30 30 30 30 30 30 40 40 40 40 40 40 40 40 40 40 50 50 50 50 50 50 50 50 50 50 60 60 60 60 60 60 60 60 60 60 70 70 70 70 70 70 70 70 70 70 80 80 80 80 80 80 80 80 80 80 90 90 90 90 90 90 90 90 90 90 100 100 100 100 100 100 100 100 100 100 110 110 110 110 110 110 110 110 110 110 120 120 120 120 120 120 120 120 120 120 130 130 130 130 130 130 130 130 130 130 140 140 140 140 140 140 140 140 140 140 0 0 0 0 0 0 0 0 0 0 10 10 10 10 10 10 10 10 10 10 20 20 20 20 20 20 20 20 20 20 
30 30 30 30 30 30 30 30 30 30 40 40 40 40 40 40 40 40 40 40 50 50 50 50 50 50 50 50 50 50 60 60 60 60 60 60 60 60 60 60 70 70 70 70 70 70 70 70 70 70 80 80 80 80 80 80 80 80 80 80 90 90 90 90 90 90 90 90 90 90 100 100 100 100 100 100 100 100 100 100 110 110 110 110 110 110 110 110 110 110 120 120 120 120 120 120 120 120 120 120 130 130 130 130 130 130 130 130 130 130 140 140 140 140 140 140 140 140 140 140 0 0 0 0 0 0 0 0 0 0 10 10 10 10 10 10 10 10 10 10 20 20 20 20 20 20 20 20 20 20 
20 20 20 20 20 20 20 20 20 20 30 30 30 30 30 30 30 30 30 30 40 40 40 40 40 40 40 40 40 40 50 50 50 50 50 50 50 50 50 50 60 60 60 60 60 60 60 60 60 60 70 70 70 70 70 70 70 70 70 70 80 80 80 80 80 80 80 80 80 80 90 90 90 90 90 90 90 90 90 90 100 100 100 100 100 100 100 100 100 100 110 110 110 110 110 110 110 110 110 110 120 120 120 120 120 120 120 120 120 120 130 130 130 130 130 130 130 130 130 130 140 140 140 140 140 140 140 140 140 140 0 0 0 0 0 0 0 0 0 0 10 10 10 10 10 10 10 10 10 10 
20 20 20 20 20 20 20 20 20 20 30 30 30 30 30 30 30 30 30 30 40 40 40 40 40 40 40 40 40 40 50 50 50 50 50 50 50 50 50 50 60 60 60 60 60 60 60 60 60 60 70 70 70 70 70 70 70 70 70 70 80 80 80 80 80 80 80 80 80 80 90 90 90 90 90 90 90 90 90 90 100 100 100 100 100 100 100 100 100 100 110 110 110 110 110 110 110 110 110 110 120 120 120 120 120 120 120 120 120 120 130 130 130 130 130 130 130 130 130 130 140 140 140 140 140 140 140 140 140 140 0 0 0 0 0 0 0 0 0 0 10 10 10 10 10 10 10 10 10 10 
20 20 20 20 20 20 20 20 20 20 30 30 30 30 30 30 30 30 30 30 40 40 40 40 40 40 40 40 40 40 50 50 50 50 50 50 50 50 50 50 60 60 60 60 60 60 60 60 60 60 70 70 70 70 70 70 70 70 70 70 80 80 80 80 80 80 80 80 80 80 90 90 90 90 90 90 90 90 90 90 100 100 100 100 100 100 100 100 100 100 110 110 110 110 110 110 110 110 110 110 120 120 120 120 120 120 120 120 120 120 130 130 130 130 130 130 130 130 130 130 140 140 140 140 140 140 140 140 140 140 0 0 0 0 0 0 0 0 0 0 10 10 10 10 10 10 10 10 10 10 
20 20 20 20 20 20 20 20 20 20 30 30 30 30 30 30 30 30 30 30 40 40 40 40 40 40 40 40 40 40 50 50 50 50 50 50 50 50 50 50 60 60 60 60 60 60 60 60 60 60 70 70 70 70 70 70 70 70 70 70 80 80 80 80 80 80 80 80 80 80 90 90 90 90 90 90 90 90 90 90 100 100 100 100 100 100 100 100 100 100 110 110 110 110 110 110 110 110 110 110 120 120 120 120 120 120 120 120 120 120 130 130 130 130 130 130 130 130 130 130 140 140 140 140 140 140 140 140 140 140 0 0 0 0 0 0 0 0 0 0 10 10 10 10 10 10 10 10 10 10 
20 20 20 20 20 20 20 20 20 20 30 30 30 30 30 30 30 30 30 30 40 40 40 40 40 40 40 40 40 40 50 50 50 50 50 50 50 50 50 50 60 60 60 60 60 60 60 60 60 60 70 70 70 70 70 70 70 70 70 70 80 80 80 80 80 80 80 80 80 80 90 90 90 90 90 90 90 90 90 90 100 100 100 100 100 100 100 100 100 100 110 110 110 110 110 110 110 110 110 110 120 120 120 120 120 120 120 120 120 120 130 130 130 130 130 130 130 130 130 130 140 140 140 140 140 140 140 140 140 140 0 0 0 0 0 0 0 0 0 0 10 10 10 10 10 10 10 10 10 10 
20 20 20 20 20 20 20 20 20 20 30 30 30 30 30 30 30 30 30 30 40 40 40 40 40 40 40 40 40 40 50 50 50 50 50 50 50 50 50 50 60 60 60 60 60 60 60 60 60 60 70 70 70 70 70 70 70 70 70 70 80 80 80 80 80 80 80 80 80 80 90 90 90 90 90 90 90 90 90 90 100 100 100 100 100 100 100 100 100 100 110 110 110 110 110 110 110 110 110 110 120 120 120 120 120 120 120 120 120 120 130 130 130 130 130 130 130 130 130 130 140 140 140 140 140 140 140 140 140 140 0 0 0 0 0 0 0 0 0 0 10 10 10 10 10 10 10 10 10 10 
20 20 20 20 20 20 20 20 20 20 30 30 30 30 30 30 30 30 30 30 40 40 40 40 40 40 40 40 40 40 50 50 50 50 50 50 50 50 50 50 60 60 60 60 60 60 60 60 60 60 70 70 70 70 70 70 70 70 70 70 80 80 80 80 80 80 80 80 80 80 90 90 90 90 90 90 90 90 90 90 100 100 100 100 100 100 100 100 100 100 110 110 110 110 110 110 110 110 110 110 120 120 120 120 120 120 120 120 120 120 130 130 130 130 130 130 130 130 130 130 140 140 140 140 140 140 140 140 140 140 0 0 0 0 0 0 0 0 0 0 10 10 10 10 10 10 10 10 10 10 
20 20 20 20 20 20 20 20 20 20 30 30 30 30 30 30 30 30 30 30 40 40 40 40 40 40 40 40 40 40 50 50 50 50 50 50 50 50 50 50 60 60 60 60 60 60 60 60 60 60 70 70 70 70 70 70 70 70 70 70 80 80 80 80 80 80 80 80 80 80 90 90 90 90 90 90 90 90 90 90 100 100 100 100 100 100 100 100 100 100 110 110 110 110 110 110 110 110 110 110 120 120 120 120 120 120 120 120 120 120 130 130 130 130 130 130 130 130 130 130 140 140 140 140 140 140 140 140 140 140 0 0 0 0 0 0 0 0 0 0 10 10 10 10 10 10 10 10 10 10 
20 20 20 20 20 20 20 20 20 20 30 30 30 30 30 30 30 30 30 30 40 40 40 40 40 40 40 40 40 40 50 50 50 50 50 50 50 50 50 50 60 60 60 60 60 60 60 60 60 60 70 70 70 70 70 70 70 70 70 70 80 80 80 80 80 80 80 80 80 80 90 90 90 90 90 90 90 90 90 90 100 100 100 100 100 100 100 100 100 100 110 110 110 110 110 110 110 110 110 110 120 120 120 120 120 120 120 120 120 120 130 130 130 130 130 130 130 130 130 130 140 140 140 140 140 140 140 140 140 140 0 0 0 0 0 0 0 0 0 0 10 10 10 10 10 10 10 10 10 10 
20 20 20 20 20 20 20 20 20 20 30 30 30 30 30 30 30 30 30 30 40 40 40 40 40 40 40 40 40 40 50 50 50 50 50 50 50 50 50 50 60 60 60 60 60 60 60 60 60 60 70 70 70 70 70 70 70 70 70 70 80 80 80 80 80 80 80 80 80 80 90 90 90 90 90 90 90 90 90 90 100 100 100 100 100 100 100 100 100 100 110 110 110 110 110 110 110 110 110 110 120 120 120 120 120 120 120 120 120 120 130 130 130 130 130 130 130 130 130 130 140 140 140 140 140 140 140 140 140 140 0 0 0 0 0 0 0 0 0 0 10 10 10 10 10 10 10 10 10 10 
10 10 10 10 10 10 10 10 10 10 20 20 20 20 20 20 20 20 20 20 30 30 30 30 30 30 30 30 30 30 40 40 40 40 40 40 40 40 40 40 50 50 50 50 50 50 50 50 50 50 60 60 60 60 60 60 60 60 60 60 70 70 70 70 70 70 70 70 70 70 80 80 80 80 80 80 80 80 80 80 90 90 90 90 90 90 90 90 90 90 100 100 100 100 100 100 100 100 100 100 110 110 110 110 110 110 110 110 110 110 120 120 120 120 120 120 120 120 120 120 130 130 130 130 130 130 130 130 130 130 140 140 140 140 140 140 140 140 140 140 0 0 0 0 0 0 0 0 0 0 
10 10 10 10 10 10 10 10 10 10 20 20 20 20 20 20 20 20 20 20 30 30 30 30 30 30 30 30 30 30 40 40 40 40 40 40 40 40 40 40 50 50 50 50 50 50 50 50 50 50 60 60 60 60 60 60 60 60 60 60 70 70 70 70 70 70 70 70 70 70 80 80 80 80 80 80 80 80 80 80 90 90 90 90 90 90 90 90 90 90 100 100 100 100 100 100 100 100 100 100 110 110 110 110 110 110 110 110 110 110 120 120 120 120 120 120 120 120 120 120 130 130 130 130 130 130 130 130 130 130 140 140 140 140 140 140 140 140 140 140 0 0 0 0 0 0 0 0 0 0 
10 10 10 10 10 10 10 10 10 10 20 20 20 20 20 20 20 20 20 20 30 30 30 30 30 30 30 30 30 30 40 40 40 40 40 40 40 40 40 40 50 50 50 50 50 50 50 50 50 50 60 60 60 60 60 60 60 60 60 60 70 70 70 70 70 70 70 70 70 70 80 80 80 80 80 80 80 80 80 80 90 90 90 90 90 90 90 90 90 90 100 100 100 100 100 100 100 100 100 100 110 110 110 110 110 110 110 110 110 110 120 120 120 120 120 120 120 120 120 120 130 130 130 130 130 130 130 130 130 130 140 140 140 140 140 140 140 140 140 140 0 0 0 0 0 0 0 0 0 0 
10 10 10 10 10 10 10 10 10 10 20 20 20 20 20 20 20 20 20 20 30 30 30 30 30 30 30 30 30 30 40 40 40 40 40 40 40 40 40 40 50 50 50 50 50 50 50 50 50 50 60 60 60 60 60 60 60 60 60 60 70 70 70 70 70 70 70 70 70 70 80 80 80 80 80 80 80 80 80 80 90 90 90 90 90 90 90 90 90 90 100 100 100 100 100 100 100 100 100 100 110 110 110 110 110 110 110 110 110 110 120 120 120 120 120 120 120 120 120 120 130 130 130 130 130 130 130 130 130 130 140 140 140 140 140 140 140 140 140 140 0 0 0 0 0 0 0 0 0 0 
10 10 10 10 10 10 10 10 10 10 20 20 20 20 20 20 20 20 20 20 30 30 30 30 30 30 30 30 30 30 40 40 40 40 40 40 40 40 40 40 50 50 50 50 50 50 50 50 50 50 60 60 60 60 60 60 60 60 60 60 70 70 70 70 70 70 70 70 70 70 80 80 80 80 80 80 80 80 80 80 90 90 90 90 90 90 90 90 90 90 100 100 100 100 100 100 100 100 100 100 110 110 110 110 110 110 110 110 110 110 120 120 120 120 120 120 120 120 120 120 130 130 130 130 130 130 130 130 130 130 140 140 140 140 140 140 140 140 140 140 0 0 0 0 0 0 0 0 0 0 
10 10 10 10 10 10 10 10 10 10 20 20 20 20 20 20 20 20 20 20 30 30 30 30 30 30 30 30 30 30 40 40 40 40 40 40 40 40 40 40 50 50 50 50 50 50 50 50 50 50 60 60 60 60 60 60 60 60 60 60 70 70 70 70 70 70 70 70 70 70 80 80 80 80 80 80 80 80 80 80 90 90 90 90 90 90 90 90 90 90 100 100 100 100 100 100 100 100 100 100 110 110 110 110 110 110 110 110 110 110 120 120 120 120 120 120 120 120 120 120 130 130 130 130 130 130 130 130 130 130 140 140 140 140 140 140 140 140 140 140 0 0 0 0 0 0 0 0 0 0 
10 10 10 10 10 10 10 10 10 10 20 20 20 20 20 20 20 20 20 20 30 30 30 30 30 30 30 30 30 30 40 40 40 40 40 40 40 40 40 40 50 50 50 50 50 50 50 50 50 50 60 60 60 60 60 60 60 60 60 60 70 70 70 70 70 70 70 70 70 70 80 80 80 80 80 80 80 80 80 80 90 90 90 90 90 90 90 90 90 90 100 100 100 100 100 100 100 100 100 100 110 110 110 110 110 110 110 110 110 110 120 120 120 120 120 120 120 120 120 120 130 130 130 130 130 130 130 130 130 130 140 140 140 140 140 140 140 140 140 140 0 0 0 0 0 0 0 0 0 0 
10 10 10 10 10 10 10 10 10 10 20 20 20 20 20 20 20 20 20 20 30 30 30 30 30 30 30 30 30 30 40 40 40 40 40 40 40 40 40 40 50 50 50 50 50 50 50 50 50 50 60 60 60 60 60 60 60 60 60 60 70 70 70 70 70 70 70 70 70 70 80 80 80 80 80 80 80 80 80 80 90 90 90 90 90 90 90 90 90 90 100 100 100 100 100 100 100 100 100 100 110 110 110 110 110 110 110 110 110 110 120 120 120 120 120 120 120 120 120 120 130 130 130 130 130 130 130 130 130 130 140 140 140 140 140 140 140 140 140 140 0 0 0 0 0 0 0 0 0 0 
10 10 10 10 10 10 10 10 10 10 20 20 20 20 20 20 20 20 20 20 30 30 30 30 30 30 30 30 30 30 40 40 40 40 40 40 40 40 40 40 50 50 50 50 50 50 50 50 50 50 60 60 60 60 60 60 60 60 60 60 70 70 70 70 70 70 70 70 70 70 80 80 80 80 80 80 80 80 80 80 90 90 90 90 90 90 90 90 90 90 100 100 100 100 100 100 100 100 100 100 110 110 110 110 110 110 110 110 110 110 120 120 120 120 120 120 120 120 120 120 130 130 130 130 130 130 130 130 130 130 140 140 140 140 140 140 140 140 140 140 0 0 0 0 0 0 0 0 0 0 
10 10 10 10 10 10 10 10 10 10 20 20 20 20 20 20 20 20 20 20 30 30 30 30 30 30 30 30 30 30 40 40 40 40 40 40 40 40 40 40 50 50 50 50 50 50 50 50 50 50 60 60 60 60 60 60 60 60 60 60 70 70 70 70 70 70 70 70 70 70 80 80 80 80 80 80 80 80 80 80 90 90 90 90 90 90 90 90 90 90 100 100 100 100 100 100 100 100 100 100 110 110 110 110 110 110 110 110 110 110 120 120 120 120 120 120 120 120 120 120 130 130 130 130 130 130 130 130 130 130 140 140 140 140 140 140 140 140 140 140 0 0 0 0 0 0 0 0 0 0 

$transfer (resp. load/unload) time from (j-1)-th to j-th operation of job i; first of line is loading time, last of line is unloading time (for blocking job shop)
 16  6  9 12 20 15  3  2 14  4 16
  2 11 15  1 15  6  8  7  1 13  6
 14 13 15 17 15 18  4  1 19  1  4
  6  8 12 11  9 14 14  1  5  6  2
  5  1  2 13 11  1 18 17 11  3  1
 11 12  5  7  7  8  4 17  2 20  7
 13  1  4 11 20  4  9 13  1 17 18
 14  4 19 16 11 19 17  8 14 20 11
  2 11 15 10 12 14  5 11 16  3  1
  6  1 20 18 20 15  3 17  3  2  7
 20 16 17  5 19 10 15  6 10  5 14
  4 20  9 14  8 18  8 20 13 15 17
  3 10 10 10 19  8 13  5  1  8  1
  6  2 16  1 16 11 20 12  5  3  3
  1 11  3 13  1  1 11 19 11 13  6

$time gaps between two consecutive operations of same job, can be negative,(one line for each job, #ofOpsOfThatJob-1 entries in one line) (for no-wait job shop)
0 0 0 0 0 0 0 0 0 
0 0 0 0 0 0 0 0 0 
0 0 0 0 0 0 0 0 0 
0 0 0 0 0 0 0 0 0 
0 0 0 0 0 0 0 0 0 
0 0 0 0 0 0 0 0 0 
0 0 0 0 0 0 0 0 0 
0 0 0 0 0 0 0 0 0 
0 0 0 0 0 0 0 0 0 
0 0 0 0 0 0 0 0 0 
0 0 0 0 0 0 0 0 0 
0 0 0 0 0 0 0 0 0 
0 0 0 0 0 0 0 0 0 
0 0 0 0 0 0 0 0 0 
0 0 0 0 0 0 0 0 0 
